                                OLS Regression Results                                
======================================================================================
Dep. Variable:     share_farms_reporting_fert   R-squared:                       0.809
Model:                                    OLS   Adj. R-squared:                  0.805
Method:                         Least Squares   F-statistic:                     162.8
Date:                        Wed, 22 Apr 2026   Prob (F-statistic):           1.38e-34
Time:                                11:45:35   Log-Likelihood:                 1519.5
No. Observations:                        3046   AIC:                            -2917.
Df Residuals:                            2985   BIC:                            -2550.
Df Model:                                  60                                         
Covariance Type:                      cluster                                         
=========================================================================================
                            coef    std err          z      P>|z|      [0.025      0.975]
-----------------------------------------------------------------------------------------
const                     6.2971      3.475      1.812      0.070      -0.513      13.107
shi                       0.1444      0.075      1.922      0.055      -0.003       0.292
mean_elevation_m       6.269e-05   6.56e-05      0.956      0.339   -6.58e-05       0.000
mean_slope_deg           -0.0223      0.011     -2.020      0.043      -0.044      -0.001
mean_annual_temp_c       -0.0006      0.009     -0.069      0.945      -0.019       0.017
mean_annual_precip_mm  7.006e-05   5.75e-05      1.219      0.223   -4.26e-05       0.000
mean_flow_accum       -1.808e-06   4.26e-07     -4.241      0.000   -2.64e-06   -9.72e-07
river_density            -0.6599      0.227     -2.906      0.004      -1.105      -0.215
centroid_lat             -0.0682      0.076     -0.899      0.369      -0.217       0.080
centroid_lon              0.0805      0.053      1.507      0.132      -0.024       0.185
lat_sq                   -0.0002      0.001     -0.275      0.783      -0.002       0.001
lon_sq                    0.0002      0.000      0.983      0.326      -0.000       0.001
lat_x_lon                -0.0007      0.000     -1.423      0.155      -0.002       0.000
state_40.0               -0.3408      0.110     -3.098      0.002      -0.556      -0.125
state_50.0               -0.3339      0.061     -5.515      0.000      -0.453      -0.215
state_60.0               -0.1789      0.142     -1.259      0.208      -0.457       0.100
state_80.0               -0.3602      0.076     -4.765      0.000      -0.508      -0.212
state_90.0               -0.1382      0.212     -0.651      0.515      -0.554       0.278
state_100.0               0.1590      0.156      1.018      0.309      -0.147       0.465
state_110.0              -0.1020      0.144     -0.707      0.480      -0.385       0.181
state_120.0              -0.3173      0.082     -3.870      0.000      -0.478      -0.157
state_130.0               0.1368      0.041      3.346      0.001       0.057       0.217
state_160.0              -0.2540      0.107     -2.370      0.018      -0.464      -0.044
state_170.0              -0.3751      0.085     -4.427      0.000      -0.541      -0.209
state_180.0              -0.0335      0.083     -0.402      0.687      -0.196       0.129
state_190.0              -0.3562      0.106     -3.371      0.001      -0.563      -0.149
state_200.0              -0.3709      0.094     -3.948      0.000      -0.555      -0.187
state_210.0              -0.2759      0.069     -4.007      0.000      -0.411      -0.141
state_220.0              -0.2777      0.056     -4.934      0.000      -0.388      -0.167
state_230.0              -0.2032      0.283     -0.719      0.472      -0.757       0.351
state_240.0               0.1056      0.147      0.719      0.472      -0.182       0.394
state_250.0              -0.1289      0.234     -0.550      0.582      -0.588       0.330
state_260.0              -0.1956      0.121     -1.610      0.107      -0.434       0.042
state_270.0              -0.2819      0.124     -2.273      0.023      -0.525      -0.039
state_280.0              -0.2424      0.032     -7.588      0.000      -0.305      -0.180
state_290.0              -0.2577      0.084     -3.079      0.002      -0.422      -0.094
state_300.0              -0.2217      0.118     -1.883      0.060      -0.452       0.009
state_310.0              -0.3391      0.105     -3.242      0.001      -0.544      -0.134
state_320.0              -0.2949      0.102     -2.895      0.004      -0.495      -0.095
state_330.0              -0.1869      0.247     -0.756      0.450      -0.672       0.298
state_340.0               0.0251      0.176      0.142      0.887      -0.320       0.370
state_350.0              -0.3897      0.079     -4.918      0.000      -0.545      -0.234
state_360.0              -0.0310      0.189     -0.164      0.870      -0.401       0.339
state_370.0               0.0704      0.097      0.724      0.469      -0.120       0.261
state_380.0              -0.2236      0.134     -1.664      0.096      -0.487       0.040
state_390.0               0.0903      0.102      0.887      0.375      -0.109       0.290
state_400.0              -0.4429      0.084     -5.288      0.000      -0.607      -0.279
state_410.0              -0.1809      0.125     -1.453      0.146      -0.425       0.063
state_420.0               0.0977      0.155      0.631      0.528      -0.206       0.401
state_440.0              -0.1329      0.226     -0.588      0.557      -0.576       0.311
state_450.0               0.1282      0.070      1.843      0.065      -0.008       0.264
state_460.0              -0.2878      0.118     -2.432      0.015      -0.520      -0.056
state_470.0              -0.2353      0.043     -5.433      0.000      -0.320      -0.150
state_480.0              -0.4513      0.082     -5.481      0.000      -0.613      -0.290
state_490.0              -0.2946      0.089     -3.317      0.001      -0.469      -0.121
state_500.0              -0.0734      0.240     -0.306      0.760      -0.544       0.397
state_510.0               0.0105      0.125      0.084      0.933      -0.235       0.256
state_530.0              -0.1956      0.135     -1.453      0.146      -0.460       0.068
state_540.0              -0.1756      0.115     -1.522      0.128      -0.402       0.051
state_550.0              -0.3137      0.116     -2.700      0.007      -0.541      -0.086
state_560.0              -0.3237      0.094     -3.441      0.001      -0.508      -0.139
==============================================================================
Omnibus:                      162.403   Durbin-Watson:                   1.962
Prob(Omnibus):                  0.000   Jarque-Bera (JB):              619.987
Skew:                          -0.058   Prob(JB):                    2.35e-135
Kurtosis:                       5.207   Cond. No.                     5.20e+06
==============================================================================

Notes:
[1] Standard Errors are robust to cluster correlation (cluster)
[2] The condition number is large, 5.2e+06. This might indicate that there are
strong multicollinearity or other numerical problems.