                            OLS Regression Results                            
==============================================================================
Dep. Variable:     ag_diversity_index   R-squared:                       0.606
Model:                            OLS   Adj. R-squared:                  0.598
Method:                 Least Squares   F-statistic:                     21.21
Date:                Sun, 12 Apr 2026   Prob (F-statistic):           2.28e-14
Time:                        23:45:58   Log-Likelihood:                 2296.6
No. Observations:                3057   AIC:                            -4475.
Df Residuals:                    2998   BIC:                            -4120.
Df Model:                          58                                         
Covariance Type:              cluster                                         
=========================================================================================
                            coef    std err          z      P>|z|      [0.025      0.975]
-----------------------------------------------------------------------------------------
const                    -3.3293      3.325     -1.001      0.317      -9.847       3.188
shi                       0.0260      0.043      0.600      0.548      -0.059       0.111
mean_elevation_m          0.0001   6.89e-05      1.601      0.109   -2.47e-05       0.000
mean_slope_deg            0.0210      0.009      2.431      0.015       0.004       0.038
mean_annual_temp_c        0.0208      0.015      1.420      0.156      -0.008       0.050
mean_annual_precip_mm  4.439e-05   6.93e-05      0.640      0.522   -9.14e-05       0.000
centroid_lat              0.1046      0.080      1.315      0.188      -0.051       0.261
centroid_lon             -0.0198      0.046     -0.431      0.667      -0.110       0.070
lat_sq                   -0.0001      0.001     -0.191      0.848      -0.001       0.001
lon_sq                 5.705e-05      0.000      0.261      0.794      -0.000       0.000
lat_x_lon                 0.0008      0.001      1.394      0.163      -0.000       0.002
state_40.0                0.1856      0.261      0.712      0.477      -0.325       0.697
state_50.0                0.1476      0.069      2.124      0.034       0.011       0.284
state_60.0                0.1217      0.318      0.383      0.702      -0.502       0.745
state_80.0                0.1690      0.172      0.981      0.327      -0.169       0.507
state_90.0                0.2578      0.139      1.851      0.064      -0.015       0.531
state_100.0               0.3339      0.102      3.266      0.001       0.133       0.534
state_110.0               0.3876      0.094      4.130      0.000       0.204       0.572
state_120.0               0.1399      0.085      1.650      0.099      -0.026       0.306
state_130.0               0.0703      0.034      2.090      0.037       0.004       0.136
state_160.0               0.1657      0.211      0.784      0.433      -0.249       0.580
state_170.0               0.3457      0.078      4.458      0.000       0.194       0.498
state_180.0               0.3750      0.066      5.709      0.000       0.246       0.504
state_190.0               0.3292      0.105      3.124      0.002       0.123       0.536
state_200.0               0.2268      0.127      1.784      0.074      -0.022       0.476
state_210.0               0.2886      0.047      6.201      0.000       0.197       0.380
state_220.0               0.0147      0.040      0.365      0.715      -0.064       0.093
state_230.0               0.1320      0.194      0.680      0.497      -0.248       0.512
state_240.0               0.3144      0.093      3.382      0.001       0.132       0.497
state_250.0               0.2549      0.155      1.644      0.100      -0.049       0.559
state_260.0               0.3462      0.096      3.618      0.000       0.159       0.534
state_270.0               0.3753      0.115      3.271      0.001       0.150       0.600
state_280.0              -0.0036      0.027     -0.130      0.897      -0.057       0.050
state_290.0               0.3616      0.088      4.111      0.000       0.189       0.534
state_300.0               0.1699      0.182      0.935      0.350      -0.186       0.526
state_310.0               0.2428      0.133      1.831      0.067      -0.017       0.503
state_320.0               0.0638      0.282      0.226      0.821      -0.489       0.616
state_330.0               0.1578      0.163      0.966      0.334      -0.162       0.478
state_340.0               0.3371      0.115      2.939      0.003       0.112       0.562
state_350.0               0.2244      0.191      1.175      0.240      -0.150       0.599
state_360.0               0.2397      0.122      1.967      0.049       0.001       0.478
state_370.0               0.1639      0.062      2.656      0.008       0.043       0.285
state_380.0               0.2471      0.135      1.835      0.066      -0.017       0.511
state_390.0               0.3785      0.068      5.544      0.000       0.245       0.512
state_400.0               0.2284      0.116      1.975      0.048       0.002       0.455
state_410.0               0.1701      0.250      0.681      0.496      -0.319       0.659
state_420.0               0.3286      0.095      3.476      0.001       0.143       0.514
state_440.0               0.2776      0.151      1.837      0.066      -0.019       0.574
state_450.0               0.1664      0.053      3.152      0.002       0.063       0.270
state_460.0               0.2216      0.135      1.646      0.100      -0.042       0.486
state_470.0               0.2612      0.030      8.750      0.000       0.203       0.320
state_480.0               0.1246      0.125      1.000      0.318      -0.120       0.369
state_490.0               0.1174      0.222      0.528      0.598      -0.318       0.553
state_500.0               0.1396      0.158      0.881      0.378      -0.171       0.450
state_510.0               0.3087      0.075      4.091      0.000       0.161       0.457
state_530.0               0.1335      0.229      0.582      0.560      -0.316       0.583
state_540.0               0.3329      0.067      4.984      0.000       0.202       0.464
state_550.0               0.3690      0.101      3.646      0.000       0.171       0.567
state_560.0               0.2177      0.170      1.281      0.200      -0.115       0.551
==============================================================================
Omnibus:                      545.391   Durbin-Watson:                   1.966
Prob(Omnibus):                  0.000   Jarque-Bera (JB):             1489.732
Skew:                          -0.949   Prob(JB):                         0.00
Kurtosis:                       5.845   Cond. No.                     3.69e+06
==============================================================================

Notes:
[1] Standard Errors are robust to cluster correlation (cluster)
[2] The condition number is large, 3.69e+06. This might indicate that there are
strong multicollinearity or other numerical problems.