=== (1) no controls ===
==============================================================================
                 coef    std err          z      P>|z|      [0.025      0.975]
------------------------------------------------------------------------------
const          0.5012      0.023     22.137      0.000       0.457       0.546
shi            0.0584      0.030      1.955      0.051      -0.000       0.117
st_40.0        0.2516      0.005     53.144      0.000       0.242       0.261
st_50.0        0.0436      0.002     21.441      0.000       0.040       0.048
st_60.0        0.0902      0.004     22.979      0.000       0.083       0.098
st_80.0        0.1002      0.002     44.121      0.000       0.096       0.105
st_90.0        0.0193      0.001     18.235      0.000       0.017       0.021
st_100.0       0.1332      0.001    132.413      0.000       0.131       0.135
st_110.0       0.1904      0.002     98.060      0.000       0.187       0.194
st_120.0   -4.922e-06      0.001     -0.003      0.997      -0.003       0.003
st_130.0       0.0321      0.003     11.597      0.000       0.027       0.037
st_160.0       0.1373      0.004     35.569      0.000       0.130       0.145
st_170.0       0.1384      0.000    382.674      0.000       0.138       0.139
st_180.0       0.1902      0.001    154.551      0.000       0.188       0.193
st_190.0       0.1609      0.001    114.873      0.000       0.158       0.164
st_200.0       0.1280      0.001    159.474      0.000       0.126       0.130
st_210.0       0.0779      0.004     18.925      0.000       0.070       0.086
st_220.0      -0.0146      0.002     -6.926      0.000      -0.019      -0.010
st_230.0      -0.0582      0.002    -28.407      0.000      -0.062      -0.054
st_240.0       0.1514      0.000    329.397      0.000       0.151       0.152
st_250.0       0.0129      0.000     31.945      0.000       0.012       0.014
st_260.0       0.2194      0.000    463.639      0.000       0.218       0.220
st_270.0       0.1881      0.001    144.623      0.000       0.186       0.191
st_280.0      -0.0317      0.001    -55.984      0.000      -0.033      -0.031
st_290.0       0.1421      0.002     62.692      0.000       0.138       0.147
st_300.0       0.1104      0.004     27.621      0.000       0.103       0.118
st_310.0       0.1257      0.000    394.544      0.000       0.125       0.126
st_320.0      -0.0082      0.005     -1.671      0.095      -0.018       0.001
st_330.0      -0.0490      0.002    -28.486      0.000      -0.052      -0.046
st_340.0       0.2111      0.000    572.063      0.000       0.210       0.212
st_350.0       0.2300      0.004     56.985      0.000       0.222       0.238
st_360.0       0.1510   9.97e-05   1513.560      0.000       0.151       0.151
st_370.0       0.0830      0.002     45.539      0.000       0.079       0.087
st_380.0       0.1160      0.002     69.036      0.000       0.113       0.119
st_390.0       0.2125      0.001    214.494      0.000       0.211       0.214
st_400.0       0.1274      0.001    178.530      0.000       0.126       0.129
st_410.0       0.1037      0.002     42.522      0.000       0.099       0.108
st_420.0       0.2365      0.001    167.771      0.000       0.234       0.239
st_440.0       0.0478   1.22e-05   3918.547      0.000       0.048       0.048
st_450.0       0.0668      0.002     44.376      0.000       0.064       0.070
st_460.0       0.1527      0.001    112.825      0.000       0.150       0.155
st_470.0       0.0820      0.001    101.760      0.000       0.080       0.084
st_480.0       0.0362      0.000    101.957      0.000       0.036       0.037
st_490.0       0.1664      0.005     36.534      0.000       0.157       0.175
st_500.0      -0.0008      0.002     -0.503      0.615      -0.004       0.002
st_510.0       0.1417      0.004     34.730      0.000       0.134       0.150
st_530.0       0.0793      0.003     28.764      0.000       0.074       0.085
st_540.0       0.1829      0.005     36.191      0.000       0.173       0.193
st_550.0       0.2137      0.000    733.189      0.000       0.213       0.214
st_560.0       0.1041      0.004     27.543      0.000       0.097       0.112
==============================================================================

=== (2) + state-by-year FE ===
=================================================================================
                    coef    std err          z      P>|z|      [0.025      0.975]
---------------------------------------------------------------------------------
const             0.5493      0.023     24.033      0.000       0.504       0.594
shi               0.0637      0.030      2.114      0.035       0.005       0.123
sy_10.0_1890     -0.0222   1.71e-15  -1.29e+13      0.000      -0.022      -0.022
sy_10.0_1900     -0.0045   4.52e-15  -9.92e+11      0.000      -0.004      -0.004
sy_10.0_1910     -0.0164   3.97e-05   -412.656      0.000      -0.016      -0.016
sy_10.0_1920     -0.2054   3.97e-05  -5168.548      0.000      -0.205      -0.205
sy_10.0_1930     -0.0622   3.97e-05  -1564.890      0.000      -0.062      -0.062
sy_100.0_1880    -0.0560      0.001    -56.309      0.000      -0.058      -0.054
sy_100.0_1890     0.0242      0.001     24.365      0.000       0.022       0.026
sy_100.0_1900     0.0719      0.001     72.349      0.000       0.070       0.074
sy_100.0_1910     0.1016      0.001    102.160      0.000       0.100       0.104
sy_100.0_1920     0.2042      0.001    205.367      0.000       0.202       0.206
sy_100.0_1930     0.1395      0.001    140.268      0.000       0.138       0.141
sy_110.0_1880     0.0719      0.002     36.334      0.000       0.068       0.076
sy_110.0_1890    -0.0114      0.002     -5.745      0.000      -0.015      -0.007
sy_110.0_1900     0.1826      0.002     92.319      0.000       0.179       0.186
sy_110.0_1910     0.2232      0.002    112.858      0.000       0.219       0.227
sy_110.0_1920     0.2795      0.002    141.307      0.000       0.276       0.283
sy_110.0_1930     0.0858      0.002     43.401      0.000       0.082       0.090
sy_120.0_1880    -0.0603      0.002    -32.895      0.000      -0.064      -0.057
sy_120.0_1890    -0.0476      0.002    -30.355      0.000      -0.051      -0.045
sy_120.0_1900     0.0181      0.002     11.561      0.000       0.015       0.021
sy_120.0_1910    -0.0152      0.002     -9.841      0.000      -0.018      -0.012
sy_120.0_1920    -0.1531      0.001   -114.387      0.000      -0.156      -0.150
sy_120.0_1930    -0.0428      0.001    -46.167      0.000      -0.045      -0.041
sy_130.0_1880     0.0346      0.003     12.620      0.000       0.029       0.040
sy_130.0_1890     0.0059      0.003      2.142      0.032       0.001       0.011
sy_130.0_1900     0.0175      0.003      6.370      0.000       0.012       0.023
sy_130.0_1910     0.0004      0.003      0.127      0.899      -0.005       0.006
sy_130.0_1920    -0.1435      0.003    -50.167      0.000      -0.149      -0.138
sy_130.0_1930    -0.0172      0.003     -6.052      0.000      -0.023      -0.012
sy_160.0_1890    -0.2067      0.004    -50.412      0.000      -0.215      -0.199
sy_160.0_1900     0.1017      0.004     25.666      0.000       0.094       0.110
sy_160.0_1910     0.1548      0.004     38.447      0.000       0.147       0.163
sy_160.0_1920     0.1363      0.004     36.165      0.000       0.129       0.144
sy_160.0_1930     0.0936      0.004     24.828      0.000       0.086       0.101
sy_170.0_1880    -0.0067      0.000    -17.443      0.000      -0.007      -0.006
sy_170.0_1890     0.0752      0.000    195.454      0.000       0.074       0.076
sy_170.0_1900     0.0434      0.000    112.801      0.000       0.043       0.044
sy_170.0_1910     0.0630      0.000    163.825      0.000       0.062       0.064
sy_170.0_1920     0.2009      0.000    522.314      0.000       0.200       0.202
sy_170.0_1930     0.1422      0.000    369.629      0.000       0.141       0.143
sy_180.0_1880     0.0602      0.001     47.708      0.000       0.058       0.063
sy_180.0_1890     0.1116      0.001     88.469      0.000       0.109       0.114
sy_180.0_1900     0.1150      0.001     91.193      0.000       0.113       0.117
sy_180.0_1910     0.1288      0.001    102.132      0.000       0.126       0.131
sy_180.0_1920     0.2369      0.001    187.834      0.000       0.234       0.239
sy_180.0_1930     0.1774      0.001    140.659      0.000       0.175       0.180
sy_190.0_1880     0.0562      0.001     39.243      0.000       0.053       0.059
sy_190.0_1890     0.0793      0.001     55.380      0.000       0.077       0.082
sy_190.0_1900     0.0977      0.001     68.179      0.000       0.095       0.100
sy_190.0_1910     0.1083      0.001     75.611      0.000       0.106       0.111
sy_190.0_1920     0.1961      0.001    136.894      0.000       0.193       0.199
sy_190.0_1930     0.1166      0.001     81.401      0.000       0.114       0.119
sy_200.0_1880    -0.0065      0.001    -12.594      0.000      -0.008      -0.005
sy_200.0_1890     0.0437      0.001     49.540      0.000       0.042       0.045
sy_200.0_1900     0.0635      0.001     71.935      0.000       0.062       0.065
sy_200.0_1910     0.0783      0.001     88.730      0.000       0.077       0.080
sy_200.0_1920     0.1076      0.001    121.892      0.000       0.106       0.109
sy_200.0_1930     0.1572      0.001    178.036      0.000       0.155       0.159
sy_210.0_1880    -0.0261      0.004     -6.345      0.000      -0.034      -0.018
sy_210.0_1890     0.0250      0.004      6.058      0.000       0.017       0.033
sy_210.0_1900     0.0035      0.004      0.838      0.402      -0.005       0.012
sy_210.0_1910    -0.0279      0.004     -6.739      0.000      -0.036      -0.020
sy_210.0_1920     0.1531      0.004     35.959      0.000       0.145       0.161
sy_210.0_1930     0.0296      0.004      6.952      0.000       0.021       0.038
sy_220.0_1880    -0.0652      0.002    -31.071      0.000      -0.069      -0.061
sy_220.0_1890    -0.0585      0.002    -28.157      0.000      -0.063      -0.054
sy_220.0_1900    -0.0221      0.002    -10.656      0.000      -0.026      -0.018
sy_220.0_1910     0.0143      0.002      6.779      0.000       0.010       0.018
sy_220.0_1920    -0.1991      0.002    -92.599      0.000      -0.203      -0.195
sy_220.0_1930    -0.0625      0.002    -29.073      0.000      -0.067      -0.058
sy_230.0_1880    -0.3328      0.002   -162.573      0.000      -0.337      -0.329
sy_230.0_1890    -0.3832      0.002   -187.210      0.000      -0.387      -0.379
sy_230.0_1900    -0.3056      0.002   -149.311      0.000      -0.310      -0.302
sy_230.0_1910     0.1036      0.002     50.588      0.000       0.100       0.108
sy_230.0_1920     0.1481      0.002     72.369      0.000       0.144       0.152
sy_230.0_1930     0.1060      0.002     51.763      0.000       0.102       0.110
sy_240.0_1880     0.0334      0.000     69.144      0.000       0.032       0.034
sy_240.0_1890     0.0324      0.000     66.907      0.000       0.031       0.033
sy_240.0_1900     0.0835      0.000    172.684      0.000       0.083       0.084
sy_240.0_1910     0.1105      0.000    228.379      0.000       0.110       0.111
sy_240.0_1920     0.1934      0.000    399.770      0.000       0.192       0.194
sy_240.0_1930     0.1433      0.000    296.369      0.000       0.142       0.144
sy_250.0_1880    -0.2684      0.000   -628.226      0.000      -0.269      -0.268
sy_250.0_1890    -0.3555      0.000   -831.861      0.000      -0.356      -0.355
sy_250.0_1900    -0.0885      0.000   -207.144      0.000      -0.089      -0.088
sy_250.0_1910     0.1899      0.000    444.436      0.000       0.189       0.191
sy_250.0_1920     0.2081      0.000    487.096      0.000       0.207       0.209
sy_250.0_1930     0.0797      0.000    186.430      0.000       0.079       0.080
sy_260.0_1880     0.0926      0.001    156.471      0.000       0.091       0.094
sy_260.0_1890     0.0814      0.001    160.428      0.000       0.080       0.082
sy_260.0_1900     0.1505      0.000    363.152      0.000       0.150       0.151
sy_260.0_1910     0.2248      0.000    542.387      0.000       0.224       0.226
sy_260.0_1920     0.2488      0.000    600.308      0.000       0.248       0.250
sy_260.0_1930     0.1969      0.000    475.214      0.000       0.196       0.198
sy_270.0_1880    -0.0106      0.001     -9.197      0.000      -0.013      -0.008
sy_270.0_1890     0.0447      0.001     35.186      0.000       0.042       0.047
sy_270.0_1900     0.1048      0.001     81.036      0.000       0.102       0.107
sy_270.0_1910     0.2020      0.001    150.942      0.000       0.199       0.205
sy_270.0_1920     0.2427      0.001    181.359      0.000       0.240       0.245
sy_270.0_1930     0.2057      0.001    153.119      0.000       0.203       0.208
sy_280.0_1880    -0.0583      0.001    -93.813      0.000      -0.059      -0.057
sy_280.0_1890    -0.0839      0.001   -126.534      0.000      -0.085      -0.083
sy_280.0_1900    -0.0417      0.001    -62.905      0.000      -0.043      -0.040
sy_280.0_1910    -0.0371      0.001    -61.083      0.000      -0.038      -0.036
sy_280.0_1920    -0.2043      0.000   -527.336      0.000      -0.205      -0.204
sy_280.0_1930    -0.0695      0.000   -179.485      0.000      -0.070      -0.069
sy_290.0_1880    -0.0083      0.002     -3.586      0.000      -0.013      -0.004
sy_290.0_1890     0.0585      0.002     25.362      0.000       0.054       0.063
sy_290.0_1900     0.0417      0.002     18.087      0.000       0.037       0.046
sy_290.0_1910     0.0896      0.002     38.879      0.000       0.085       0.094
sy_290.0_1920     0.2237      0.002     97.009      0.000       0.219       0.228
sy_290.0_1930     0.1371      0.002     59.450      0.000       0.133       0.142
sy_300.0_1890    -0.3269      0.005    -71.099      0.000      -0.336      -0.318
sy_300.0_1900    -0.0314      0.005     -6.935      0.000      -0.040      -0.023
sy_300.0_1910     0.1393      0.005     30.855      0.000       0.130       0.148
sy_300.0_1920     0.1297      0.004     35.329      0.000       0.122       0.137
sy_300.0_1930     0.0990      0.004     26.912      0.000       0.092       0.106
sy_310.0_1880     0.0152      0.000     33.157      0.000       0.014       0.016
sy_310.0_1890     0.0333      0.000     83.645      0.000       0.033       0.034
sy_310.0_1900     0.0247      0.000     69.426      0.000       0.024       0.025
sy_310.0_1910     0.0687      0.000    250.383      0.000       0.068       0.069
sy_310.0_1920     0.1317      0.000    440.477      0.000       0.131       0.132
sy_310.0_1930     0.1480      0.000    495.103      0.000       0.147       0.149
sy_320.0_1880    -0.2888      0.005    -58.852      0.000      -0.298      -0.279
sy_320.0_1890    -0.3672      0.005    -74.822      0.000      -0.377      -0.358
sy_320.0_1900    -0.0204      0.005     -4.150      0.000      -0.030      -0.011
sy_320.0_1910     0.0361      0.005      7.331      0.000       0.026       0.046
sy_320.0_1920     0.0881      0.005     17.685      0.000       0.078       0.098
sy_320.0_1930     0.1096      0.005     22.020      0.000       0.100       0.119
sy_330.0_1880    -0.3359      0.002   -195.682      0.000      -0.339      -0.333
sy_330.0_1890    -0.3965      0.002   -231.007      0.000      -0.400      -0.393
sy_330.0_1900    -0.2889      0.002   -168.335      0.000      -0.292      -0.286
sy_330.0_1910     0.1317      0.002     76.736      0.000       0.128       0.135
sy_330.0_1920     0.1603      0.002     93.415      0.000       0.157       0.164
sy_330.0_1930     0.1207      0.002     70.305      0.000       0.117       0.124
sy_340.0_1880     0.1216      0.000    391.204      0.000       0.121       0.122
sy_340.0_1890     0.0617      0.000    198.284      0.000       0.061       0.062
sy_340.0_1900     0.1739      0.000    559.184      0.000       0.173       0.174
sy_340.0_1910     0.2236      0.000    719.035      0.000       0.223       0.224
sy_340.0_1920     0.2450      0.000    787.876      0.000       0.244       0.246
sy_340.0_1930     0.1267      0.001    222.643      0.000       0.126       0.128
sy_350.0_1920     0.1801      0.004     44.652      0.000       0.172       0.188
sy_350.0_1930     0.1744      0.004     42.896      0.000       0.166       0.182
sy_360.0_1880     0.0274      0.000    131.687      0.000       0.027       0.028
sy_360.0_1890    -0.0315      0.000   -151.229      0.000      -0.032      -0.031
sy_360.0_1900     0.0398      0.000    271.192      0.000       0.040       0.040
sy_360.0_1910     0.1715      0.000   1167.274      0.000       0.171       0.172
sy_360.0_1920     0.1959      0.000    998.442      0.000       0.196       0.196
sy_360.0_1930     0.1868      0.000   1004.270      0.000       0.186       0.187
sy_370.0_1880     0.0047      0.002      2.537      0.011       0.001       0.008
sy_370.0_1890     0.0389      0.002     21.057      0.000       0.035       0.043
sy_370.0_1900     0.0405      0.002     21.887      0.000       0.037       0.044
sy_370.0_1910     0.0568      0.002     30.807      0.000       0.053       0.060
sy_370.0_1920     0.0011      0.002      0.576      0.564      -0.003       0.005
sy_370.0_1930     0.0448      0.002     23.871      0.000       0.041       0.048
sy_380.0_1890    -0.0874      0.002    -47.053      0.000      -0.091      -0.084
sy_380.0_1900    -0.0090      0.002     -5.207      0.000      -0.012      -0.006
sy_380.0_1910     0.0700      0.002     45.211      0.000       0.067       0.073
sy_380.0_1920     0.1126      0.002     68.235      0.000       0.109       0.116
sy_380.0_1930     0.1674      0.002    101.412      0.000       0.164       0.171
sy_390.0_1880     0.0922      0.001     90.487      0.000       0.090       0.094
sy_390.0_1890     0.1193      0.001    117.074      0.000       0.117       0.121
sy_390.0_1900     0.1392      0.001    136.595      0.000       0.137       0.141
sy_390.0_1910     0.1689      0.001    165.682      0.000       0.167       0.171
sy_390.0_1920     0.2543      0.001    249.483      0.000       0.252       0.256
sy_390.0_1930     0.1896      0.001    185.991      0.000       0.188       0.192
sy_40.0_1920      0.2065      0.005     43.414      0.000       0.197       0.216
sy_40.0_1930      0.1910      0.005     40.153      0.000       0.182       0.200
sy_400.0_1910     0.0056      0.001      8.195      0.000       0.004       0.007
sy_400.0_1920     0.0948      0.001    134.111      0.000       0.093       0.096
sy_400.0_1930     0.1241      0.001    175.463      0.000       0.123       0.125
sy_410.0_1880    -0.0765      0.003    -30.348      0.000      -0.081      -0.072
sy_410.0_1890    -0.1368      0.003    -52.518      0.000      -0.142      -0.132
sy_410.0_1900     0.0501      0.002     21.050      0.000       0.045       0.055
sy_410.0_1910     0.1107      0.002     46.657      0.000       0.106       0.115
sy_410.0_1920     0.1469      0.002     61.207      0.000       0.142       0.152
sy_410.0_1930     0.1436      0.002     59.804      0.000       0.139       0.148
sy_420.0_1880     0.1474      0.001    102.210      0.000       0.145       0.150
sy_420.0_1890     0.1023      0.001     70.956      0.000       0.099       0.105
sy_420.0_1900     0.1583      0.001    109.779      0.000       0.155       0.161
sy_420.0_1910     0.2236      0.001    155.077      0.000       0.221       0.226
sy_420.0_1920     0.2561      0.001    177.619      0.000       0.253       0.259
sy_420.0_1930     0.2204      0.001    152.856      0.000       0.218       0.223
sy_440.0_1880    -0.2330   7.71e-06  -3.02e+04      0.000      -0.233      -0.233
sy_440.0_1890    -0.2939   7.71e-06  -3.81e+04      0.000      -0.294      -0.294
sy_440.0_1900    -0.0265   7.71e-06  -3430.664      0.000      -0.026      -0.026
sy_440.0_1910     0.2166   7.71e-06   2.81e+04      0.000       0.217       0.217
sy_440.0_1920     0.2195   7.71e-06   2.85e+04      0.000       0.219       0.220
sy_440.0_1930     0.0915   7.71e-06   1.19e+04      0.000       0.091       0.092
sy_450.0_1880     0.0169      0.002     11.225      0.000       0.014       0.020
sy_450.0_1890     0.0023      0.002      1.524      0.127      -0.001       0.005
sy_450.0_1900     0.0485      0.001     34.055      0.000       0.046       0.051
sy_450.0_1910     0.0381      0.001     26.428      0.000       0.035       0.041
sy_450.0_1920    -0.0478      0.002    -30.806      0.000      -0.051      -0.045
sy_450.0_1930     0.0326      0.002     21.035      0.000       0.030       0.036
sy_460.0_1890     0.0618      0.001     47.346      0.000       0.059       0.064
sy_460.0_1900     0.0289      0.001     23.042      0.000       0.026       0.031
sy_460.0_1910     0.0640      0.001     50.119      0.000       0.061       0.066
sy_460.0_1920     0.1044      0.001     70.922      0.000       0.101       0.107
sy_460.0_1930     0.2157      0.001    155.519      0.000       0.213       0.218
sy_470.0_1880    -0.0113      0.001    -13.429      0.000      -0.013      -0.010
sy_470.0_1890     0.0368      0.001     44.322      0.000       0.035       0.038
sy_470.0_1900     0.0281      0.001     33.808      0.000       0.026       0.030
sy_470.0_1910     0.0001      0.001      0.176      0.861      -0.001       0.002
sy_470.0_1920     0.1126      0.001    135.581      0.000       0.111       0.114
sy_470.0_1930     0.0130      0.001     15.625      0.000       0.011       0.015
sy_480.0_1880    -0.1132      0.001   -151.227      0.000      -0.115      -0.112
sy_480.0_1890    -0.0536      0.001    -91.634      0.000      -0.055      -0.052
sy_480.0_1900    -0.0053      0.000    -19.276      0.000      -0.006      -0.005
sy_480.0_1910    -0.0266      0.000   -141.732      0.000      -0.027      -0.026
sy_480.0_1920    -0.0318      0.000   -167.683      0.000      -0.032      -0.031
sy_480.0_1930     0.1005      0.000    488.385      0.000       0.100       0.101
sy_490.0_1900     0.0797      0.005     17.299      0.000       0.071       0.089
sy_490.0_1910     0.0999      0.005     21.697      0.000       0.091       0.109
sy_490.0_1920     0.1338      0.005     29.423      0.000       0.125       0.143
sy_490.0_1930     0.1375      0.005     30.250      0.000       0.129       0.146
sy_50.0_1880     -0.0214      0.002    -10.194      0.000      -0.025      -0.017
sy_50.0_1890     -0.0213      0.002    -10.302      0.000      -0.025      -0.017
sy_50.0_1900      0.0132      0.002      6.392      0.000       0.009       0.017
sy_50.0_1910     -0.0001      0.002     -0.053      0.958      -0.004       0.004
sy_50.0_1920     -0.0072      0.002     -3.500      0.000      -0.011      -0.003
sy_50.0_1930     -0.0125      0.002     -6.053      0.000      -0.017      -0.008
sy_500.0_1880    -0.2401      0.002   -151.849      0.000      -0.243      -0.237
sy_500.0_1890    -0.2761      0.002   -174.597      0.000      -0.279      -0.273
sy_500.0_1900    -0.2038      0.002   -128.913      0.000      -0.207      -0.201
sy_500.0_1910     0.0884      0.002     55.887      0.000       0.085       0.091
sy_500.0_1920     0.1590      0.002    100.558      0.000       0.156       0.162
sy_500.0_1930     0.1536      0.002     97.161      0.000       0.151       0.157
sy_510.0_1880     0.0258      0.003      9.019      0.000       0.020       0.031
sy_510.0_1890     0.0597      0.003     19.777      0.000       0.054       0.066
sy_510.0_1900     0.0675      0.005     14.616      0.000       0.058       0.077
sy_510.0_1910     0.0806      0.004     18.333      0.000       0.072       0.089
sy_510.0_1920     0.1776      0.005     37.878      0.000       0.168       0.187
sy_510.0_1930     0.1157      0.005     23.740      0.000       0.106       0.125
sy_530.0_1890    -0.1419      0.003    -53.151      0.000      -0.147      -0.137
sy_530.0_1900     0.0087      0.003      3.135      0.002       0.003       0.014
sy_530.0_1910     0.0493      0.003     17.735      0.000       0.044       0.055
sy_530.0_1920     0.0944      0.003     33.840      0.000       0.089       0.100
sy_530.0_1930     0.0965      0.003     34.590      0.000       0.091       0.102
sy_540.0_1880     0.0886      0.005     17.261      0.000       0.078       0.099
sy_540.0_1890     0.0971      0.005     18.917      0.000       0.087       0.107
sy_540.0_1900     0.0925      0.005     18.098      0.000       0.083       0.103
sy_540.0_1910     0.1538      0.005     30.083      0.000       0.144       0.164
sy_540.0_1920     0.2406      0.005     47.069      0.000       0.231       0.251
sy_540.0_1930     0.1165      0.005     22.782      0.000       0.106       0.126
sy_550.0_1880     0.0829      0.000    250.649      0.000       0.082       0.084
sy_550.0_1890     0.0866      0.000    279.788      0.000       0.086       0.087
sy_550.0_1900     0.1600      0.000    613.720      0.000       0.159       0.160
sy_550.0_1910     0.2070      0.000    826.341      0.000       0.206       0.207
sy_550.0_1920     0.2532      0.000   1010.756      0.000       0.253       0.254
sy_550.0_1930     0.1667      0.000    665.475      0.000       0.166       0.167
sy_560.0_1890    -0.4082      0.004   -108.776      0.000      -0.416      -0.401
sy_560.0_1900     0.0225      0.004      5.984      0.000       0.015       0.030
sy_560.0_1910     0.1032      0.004     27.052      0.000       0.096       0.111
sy_560.0_1920     0.1549      0.004     40.680      0.000       0.147       0.162
sy_560.0_1930     0.1826      0.004     47.945      0.000       0.175       0.190
sy_60.0_1880     -0.0671      0.004    -17.003      0.000      -0.075      -0.059
sy_60.0_1890     -0.1092      0.004    -28.077      0.000      -0.117      -0.102
sy_60.0_1900      0.0331      0.004      8.453      0.000       0.025       0.041
sy_60.0_1910      0.0722      0.004     18.375      0.000       0.065       0.080
sy_60.0_1920      0.1463      0.004     37.229      0.000       0.139       0.154
sy_60.0_1930      0.1274      0.004     31.672      0.000       0.119       0.135
sy_80.0_1880     -0.1999      0.003    -78.512      0.000      -0.205      -0.195
sy_80.0_1890     -0.1483      0.002    -62.316      0.000      -0.153      -0.144
sy_80.0_1900      0.0401      0.002     18.076      0.000       0.036       0.044
sy_80.0_1910      0.1135      0.002     51.458      0.000       0.109       0.118
sy_80.0_1920      0.1635      0.002     74.524      0.000       0.159       0.168
sy_80.0_1930      0.1649      0.002     73.721      0.000       0.160       0.169
sy_90.0_1880     -0.2460      0.001   -234.985      0.000      -0.248      -0.244
sy_90.0_1890     -0.2873      0.001   -274.393      0.000      -0.289      -0.285
sy_90.0_1900     -0.1523      0.001   -145.447      0.000      -0.154      -0.150
sy_90.0_1910      0.2005      0.001    191.472      0.000       0.198       0.203
sy_90.0_1920      0.2042      0.001    195.011      0.000       0.202       0.206
sy_90.0_1930      0.0830      0.001     79.297      0.000       0.081       0.085
=================================================================================

=== (3) + geo-climatic controls ===
=========================================================================================
                            coef    std err          z      P>|z|      [0.025      0.975]
-----------------------------------------------------------------------------------------
const                     0.5826      0.113      5.139      0.000       0.360       0.805
shi                       0.0595      0.033      1.814      0.070      -0.005       0.124
mean_elevation_m      -3.082e-05    2.5e-05     -1.234      0.217   -7.98e-05    1.81e-05
mean_slope_deg            0.0123      0.006      2.101      0.036       0.001       0.024
mean_annual_temp_c       -0.0002      0.005     -0.046      0.963      -0.010       0.010
mean_annual_precip_mm -2.102e-05   3.15e-05     -0.668      0.504   -8.27e-05    4.07e-05
sy_10.0_1890             -0.0222   1.63e-13  -1.36e+11      0.000      -0.022      -0.022
sy_10.0_1900             -0.0045   1.66e-13   -2.7e+10      0.000      -0.004      -0.004
sy_10.0_1910             -0.0164      0.000   -121.195      0.000      -0.017      -0.016
sy_10.0_1920             -0.2054      0.000  -1519.445      0.000      -0.206      -0.205
sy_10.0_1930             -0.0622      0.000   -459.956      0.000      -0.062      -0.062
sy_100.0_1880            -0.0610      0.028     -2.208      0.027      -0.115      -0.007
sy_100.0_1890             0.0192      0.028      0.695      0.487      -0.035       0.073
sy_100.0_1900             0.0669      0.028      2.422      0.015       0.013       0.121
sy_100.0_1910             0.0966      0.028      3.495      0.000       0.042       0.151
sy_100.0_1920             0.1992      0.028      7.210      0.000       0.145       0.253
sy_100.0_1930             0.1345      0.028      4.867      0.000       0.080       0.189
sy_110.0_1880             0.0586      0.025      2.333      0.020       0.009       0.108
sy_110.0_1890            -0.0246      0.025     -0.979      0.328      -0.074       0.025
sy_110.0_1900             0.1694      0.025      6.738      0.000       0.120       0.219
sy_110.0_1910             0.2100      0.025      8.354      0.000       0.161       0.259
sy_110.0_1920             0.2663      0.025     10.593      0.000       0.217       0.316
sy_110.0_1930             0.0726      0.025      2.889      0.004       0.023       0.122
sy_120.0_1880            -0.0577      0.016     -3.679      0.000      -0.088      -0.027
sy_120.0_1890            -0.0452      0.017     -2.699      0.007      -0.078      -0.012
sy_120.0_1900             0.0205      0.017      1.202      0.229      -0.013       0.054
sy_120.0_1910            -0.0127      0.018     -0.723      0.470      -0.047       0.022
sy_120.0_1920            -0.1506      0.018     -8.397      0.000      -0.186      -0.115
sy_120.0_1930            -0.0403      0.019     -2.178      0.029      -0.077      -0.004
sy_130.0_1880             0.0328      0.006      5.942      0.000       0.022       0.044
sy_130.0_1890             0.0040      0.006      0.724      0.469      -0.007       0.015
sy_130.0_1900             0.0156      0.006      2.829      0.005       0.005       0.026
sy_130.0_1910            -0.0015      0.006     -0.267      0.789      -0.013       0.010
sy_130.0_1920            -0.1454      0.006    -24.962      0.000      -0.157      -0.134
sy_130.0_1930            -0.0191      0.006     -3.255      0.001      -0.031      -0.008
sy_160.0_1890            -0.2316      0.054     -4.277      0.000      -0.338      -0.125
sy_160.0_1900             0.0827      0.054      1.540      0.124      -0.023       0.188
sy_160.0_1910             0.1357      0.053      2.541      0.011       0.031       0.240
sy_160.0_1920             0.1206      0.054      2.239      0.025       0.015       0.226
sy_160.0_1930             0.0779      0.054      1.446      0.148      -0.028       0.183
sy_170.0_1880            -0.0114      0.035     -0.327      0.743      -0.080       0.057
sy_170.0_1890             0.0705      0.035      2.017      0.044       0.002       0.139
sy_170.0_1900             0.0387      0.035      1.107      0.268      -0.030       0.107
sy_170.0_1910             0.0583      0.035      1.669      0.095      -0.010       0.127
sy_170.0_1920             0.1962      0.035      5.617      0.000       0.128       0.265
sy_170.0_1930             0.1375      0.035      3.936      0.000       0.069       0.206
sy_180.0_1880             0.0568      0.035      1.625      0.104      -0.012       0.125
sy_180.0_1890             0.1082      0.035      3.096      0.002       0.040       0.177
sy_180.0_1900             0.1116      0.035      3.194      0.001       0.043       0.180
sy_180.0_1910             0.1254      0.035      3.589      0.000       0.057       0.194
sy_180.0_1920             0.2335      0.035      6.681      0.000       0.165       0.302
sy_180.0_1930             0.1740      0.035      4.979      0.000       0.106       0.243
sy_190.0_1880             0.0507      0.047      1.088      0.277      -0.041       0.142
sy_190.0_1890             0.0738      0.047      1.584      0.113      -0.018       0.165
sy_190.0_1900             0.0922      0.047      1.977      0.048       0.001       0.184
sy_190.0_1910             0.1028      0.047      2.206      0.027       0.011       0.194
sy_190.0_1920             0.1906      0.047      4.089      0.000       0.099       0.282
sy_190.0_1930             0.1111      0.047      2.384      0.017       0.020       0.202
sy_200.0_1880            -0.0075      0.030     -0.251      0.802      -0.066       0.051
sy_200.0_1890             0.0440      0.031      1.440      0.150      -0.016       0.104
sy_200.0_1900             0.0638      0.031      2.087      0.037       0.004       0.124
sy_200.0_1910             0.0786      0.031      2.572      0.010       0.019       0.138
sy_200.0_1920             0.1079      0.031      3.531      0.000       0.048       0.168
sy_200.0_1930             0.1574      0.031      5.154      0.000       0.098       0.217
sy_210.0_1880            -0.0327      0.023     -1.451      0.147      -0.077       0.011
sy_210.0_1890             0.0184      0.023      0.814      0.415      -0.026       0.063
sy_210.0_1900            -0.0032      0.023     -0.143      0.886      -0.047       0.041
sy_210.0_1910            -0.0346      0.023     -1.533      0.125      -0.079       0.010
sy_210.0_1920             0.1464      0.023      6.494      0.000       0.102       0.191
sy_210.0_1930             0.0229      0.023      1.016      0.310      -0.021       0.067
sy_220.0_1880            -0.0605      0.010     -6.135      0.000      -0.080      -0.041
sy_220.0_1890            -0.0538      0.010     -5.424      0.000      -0.073      -0.034
sy_220.0_1900            -0.0175      0.010     -1.760      0.078      -0.037       0.002
sy_220.0_1910             0.0190      0.010      1.917      0.055      -0.000       0.038
sy_220.0_1920            -0.1944      0.010    -19.334      0.000      -0.214      -0.175
sy_220.0_1930            -0.0578      0.010     -5.747      0.000      -0.077      -0.038
sy_230.0_1880            -0.3492      0.058     -6.001      0.000      -0.463      -0.235
sy_230.0_1890            -0.3996      0.058     -6.868      0.000      -0.514      -0.286
sy_230.0_1900            -0.3221      0.058     -5.535      0.000      -0.436      -0.208
sy_230.0_1910             0.0871      0.058      1.498      0.134      -0.027       0.201
sy_230.0_1920             0.1317      0.058      2.264      0.024       0.018       0.246
sy_230.0_1930             0.0896      0.058      1.539      0.124      -0.024       0.204
sy_240.0_1880             0.0239      0.028      0.852      0.394      -0.031       0.079
sy_240.0_1890             0.0228      0.028      0.814      0.416      -0.032       0.078
sy_240.0_1900             0.0739      0.028      2.641      0.008       0.019       0.129
sy_240.0_1910             0.1009      0.028      3.603      0.000       0.046       0.156
sy_240.0_1920             0.1838      0.028      6.563      0.000       0.129       0.239
sy_240.0_1930             0.1338      0.028      4.777      0.000       0.079       0.189
sy_250.0_1880            -0.2804      0.043     -6.471      0.000      -0.365      -0.195
sy_250.0_1890            -0.3674      0.043     -8.480      0.000      -0.452      -0.282
sy_250.0_1900            -0.1005      0.043     -2.319      0.020      -0.185      -0.016
sy_250.0_1910             0.1780      0.043      4.108      0.000       0.093       0.263
sy_250.0_1920             0.1962      0.043      4.528      0.000       0.111       0.281
sy_250.0_1930             0.0677      0.043      1.563      0.118      -0.017       0.153
sy_260.0_1880             0.0846      0.055      1.529      0.126      -0.024       0.193
sy_260.0_1890             0.0732      0.056      1.305      0.192      -0.037       0.183
sy_260.0_1900             0.1423      0.056      2.531      0.011       0.032       0.253
sy_260.0_1910             0.2166      0.056      3.851      0.000       0.106       0.327
sy_260.0_1920             0.2406      0.056      4.278      0.000       0.130       0.351
sy_260.0_1930             0.1888      0.056      3.356      0.001       0.079       0.299
sy_270.0_1880            -0.0176      0.062     -0.282      0.778      -0.140       0.105
sy_270.0_1890             0.0377      0.063      0.599      0.549      -0.086       0.161
sy_270.0_1900             0.0978      0.063      1.543      0.123      -0.026       0.222
sy_270.0_1910             0.1950      0.064      3.050      0.002       0.070       0.320
sy_270.0_1920             0.2357      0.064      3.687      0.000       0.110       0.361
sy_270.0_1930             0.1986      0.064      3.098      0.002       0.073       0.324
sy_280.0_1880            -0.0553      0.003    -21.745      0.000      -0.060      -0.050
sy_280.0_1890            -0.0810      0.003    -31.207      0.000      -0.086      -0.076
sy_280.0_1900            -0.0388      0.003    -14.939      0.000      -0.044      -0.034
sy_280.0_1910            -0.0341      0.003    -12.600      0.000      -0.039      -0.029
sy_280.0_1920            -0.2012      0.003    -74.532      0.000      -0.206      -0.196
sy_280.0_1930            -0.0664      0.003    -24.601      0.000      -0.072      -0.061
sy_290.0_1880            -0.0132      0.027     -0.485      0.627      -0.066       0.040
sy_290.0_1890             0.0535      0.027      1.969      0.049       0.000       0.107
sy_290.0_1900             0.0368      0.027      1.352      0.176      -0.017       0.090
sy_290.0_1910             0.0847      0.027      3.115      0.002       0.031       0.138
sy_290.0_1920             0.2187      0.027      8.044      0.000       0.165       0.272
sy_290.0_1930             0.1321      0.027      4.860      0.000       0.079       0.185
sy_300.0_1890            -0.3409      0.059     -5.763      0.000      -0.457      -0.225
sy_300.0_1900            -0.0483      0.059     -0.814      0.416      -0.165       0.068
sy_300.0_1910             0.1192      0.059      2.013      0.044       0.003       0.235
sy_300.0_1920             0.1153      0.058      1.983      0.047       0.001       0.229
sy_300.0_1930             0.0851      0.058      1.469      0.142      -0.028       0.199
sy_310.0_1880             0.0134      0.042      0.317      0.751      -0.070       0.096
sy_310.0_1890             0.0338      0.043      0.785      0.432      -0.051       0.118
sy_310.0_1900             0.0250      0.043      0.580      0.562      -0.059       0.109
sy_310.0_1910             0.0692      0.043      1.606      0.108      -0.015       0.154
sy_310.0_1920             0.1323      0.043      3.065      0.002       0.048       0.217
sy_310.0_1930             0.1486      0.043      3.443      0.001       0.064       0.233
sy_320.0_1880            -0.2975      0.047     -6.373      0.000      -0.389      -0.206
sy_320.0_1890            -0.3759      0.047     -8.051      0.000      -0.467      -0.284
sy_320.0_1900            -0.0291      0.047     -0.623      0.533      -0.121       0.062
sy_320.0_1910             0.0258      0.045      0.569      0.570      -0.063       0.115
sy_320.0_1920             0.0772      0.046      1.696      0.090      -0.012       0.166
sy_320.0_1930             0.0988      0.046      2.170      0.030       0.010       0.188
sy_330.0_1880            -0.3607      0.053     -6.844      0.000      -0.464      -0.257
sy_330.0_1890            -0.4213      0.053     -7.994      0.000      -0.525      -0.318
sy_330.0_1900            -0.3138      0.053     -5.953      0.000      -0.417      -0.210
sy_330.0_1910             0.1069      0.053      2.028      0.043       0.004       0.210
sy_330.0_1920             0.1355      0.053      2.571      0.010       0.032       0.239
sy_330.0_1930             0.0959      0.053      1.819      0.069      -0.007       0.199
sy_340.0_1880             0.1126      0.032      3.494      0.000       0.049       0.176
sy_340.0_1890             0.0526      0.032      1.633      0.103      -0.011       0.116
sy_340.0_1900             0.1648      0.032      5.115      0.000       0.102       0.228
sy_340.0_1910             0.2145      0.032      6.657      0.000       0.151       0.278
sy_340.0_1920             0.2359      0.032      7.321      0.000       0.173       0.299
sy_340.0_1930             0.1177      0.032      3.638      0.000       0.054       0.181
sy_350.0_1920             0.1946      0.037      5.242      0.000       0.122       0.267
sy_350.0_1930             0.1891      0.037      5.065      0.000       0.116       0.262
sy_360.0_1880             0.0101      0.048      0.210      0.834      -0.084       0.104
sy_360.0_1890            -0.0488      0.048     -1.018      0.308      -0.143       0.045
sy_360.0_1900             0.0226      0.048      0.475      0.635      -0.071       0.116
sy_360.0_1910             0.1543      0.048      3.234      0.001       0.061       0.248
sy_360.0_1920             0.1789      0.047      3.770      0.000       0.086       0.272
sy_360.0_1930             0.1695      0.048      3.530      0.000       0.075       0.264
sy_370.0_1880            -0.0024      0.013     -0.185      0.853      -0.027       0.023
sy_370.0_1890             0.0319      0.013      2.473      0.013       0.007       0.057
sy_370.0_1900             0.0335      0.013      2.610      0.009       0.008       0.059
sy_370.0_1910             0.0498      0.013      3.879      0.000       0.025       0.075
sy_370.0_1920            -0.0060      0.013     -0.465      0.642      -0.031       0.019
sy_370.0_1930             0.0377      0.013      2.917      0.004       0.012       0.063
sy_380.0_1890            -0.0955      0.072     -1.324      0.186      -0.237       0.046
sy_380.0_1900            -0.0170      0.072     -0.237      0.813      -0.158       0.124
sy_380.0_1910             0.0624      0.071      0.880      0.379      -0.077       0.202
sy_380.0_1920             0.1052      0.070      1.499      0.134      -0.032       0.243
sy_380.0_1930             0.1600      0.070      2.279      0.023       0.022       0.298
sy_390.0_1880             0.0866      0.038      2.263      0.024       0.012       0.162
sy_390.0_1890             0.1137      0.038      2.971      0.003       0.039       0.189
sy_390.0_1900             0.1336      0.038      3.491      0.000       0.059       0.209
sy_390.0_1910             0.1633      0.038      4.266      0.000       0.088       0.238
sy_390.0_1920             0.2487      0.038      6.497      0.000       0.174       0.324
sy_390.0_1930             0.1840      0.038      4.807      0.000       0.109       0.259
sy_40.0_1920              0.1972      0.032      6.093      0.000       0.134       0.261
sy_40.0_1930              0.1817      0.032      5.614      0.000       0.118       0.245
sy_400.0_1910             0.0021      0.017      0.123      0.902      -0.032       0.036
sy_400.0_1920             0.0914      0.017      5.248      0.000       0.057       0.126
sy_400.0_1930             0.1206      0.017      6.928      0.000       0.087       0.155
sy_410.0_1880            -0.1042      0.034     -3.027      0.002      -0.172      -0.037
sy_410.0_1890            -0.1627      0.037     -4.362      0.000      -0.236      -0.090
sy_410.0_1900             0.0241      0.037      0.646      0.518      -0.049       0.097
sy_410.0_1910             0.0840      0.037      2.245      0.025       0.011       0.157
sy_410.0_1920             0.1210      0.038      3.188      0.001       0.047       0.195
sy_410.0_1930             0.1176      0.038      3.099      0.002       0.043       0.192
sy_420.0_1880             0.1301      0.040      3.257      0.001       0.052       0.208
sy_420.0_1890             0.0850      0.040      2.128      0.033       0.007       0.163
sy_420.0_1900             0.1410      0.040      3.530      0.000       0.063       0.219
sy_420.0_1910             0.2063      0.040      5.166      0.000       0.128       0.285
sy_420.0_1920             0.2388      0.040      5.980      0.000       0.161       0.317
sy_420.0_1930             0.2031      0.040      5.086      0.000       0.125       0.281
sy_440.0_1880            -0.2536      0.040     -6.329      0.000      -0.332      -0.175
sy_440.0_1890            -0.3205      0.040     -8.001      0.000      -0.399      -0.242
sy_440.0_1900            -0.0546      0.040     -1.362      0.173      -0.133       0.024
sy_440.0_1910             0.2001      0.040      4.996      0.000       0.122       0.279
sy_440.0_1920             0.2073      0.040      5.174      0.000       0.129       0.286
sy_440.0_1930             0.0898      0.040      2.242      0.025       0.011       0.168
sy_450.0_1880             0.0148      0.007      2.017      0.044       0.000       0.029
sy_450.0_1890             0.0002      0.007      0.029      0.977      -0.014       0.015
sy_450.0_1900             0.0465      0.007      6.321      0.000       0.032       0.061
sy_450.0_1910             0.0360      0.007      4.805      0.000       0.021       0.051
sy_450.0_1920            -0.0499      0.007     -6.681      0.000      -0.064      -0.035
sy_450.0_1930             0.0306      0.007      4.100      0.000       0.016       0.045
sy_460.0_1890             0.0562      0.057      0.992      0.321      -0.055       0.167
sy_460.0_1900             0.0233      0.056      0.413      0.680      -0.087       0.134
sy_460.0_1910             0.0587      0.056      1.052      0.293      -0.051       0.168
sy_460.0_1920             0.0991      0.056      1.782      0.075      -0.010       0.208
sy_460.0_1930             0.2104      0.056      3.783      0.000       0.101       0.319
sy_470.0_1880            -0.0177      0.014     -1.273      0.203      -0.045       0.010
sy_470.0_1890             0.0305      0.014      2.199      0.028       0.003       0.058
sy_470.0_1900             0.0217      0.014      1.569      0.117      -0.005       0.049
sy_470.0_1910            -0.0062      0.014     -0.447      0.655      -0.033       0.021
sy_470.0_1920             0.1063      0.014      7.667      0.000       0.079       0.133
sy_470.0_1930             0.0066      0.014      0.479      0.632      -0.021       0.034
sy_480.0_1880            -0.1181      0.017     -7.066      0.000      -0.151      -0.085
sy_480.0_1890            -0.0569      0.018     -3.242      0.001      -0.091      -0.023
sy_480.0_1900            -0.0077      0.018     -0.417      0.677      -0.044       0.028
sy_480.0_1910            -0.0288      0.019     -1.543      0.123      -0.065       0.008
sy_480.0_1920            -0.0341      0.019     -1.811      0.070      -0.071       0.003
sy_480.0_1930             0.0981      0.019      5.259      0.000       0.062       0.135
sy_490.0_1900             0.0734      0.049      1.503      0.133      -0.022       0.169
sy_490.0_1910             0.0937      0.049      1.917      0.055      -0.002       0.189
sy_490.0_1920             0.1274      0.050      2.569      0.010       0.030       0.225
sy_490.0_1930             0.1312      0.050      2.644      0.008       0.034       0.228
sy_50.0_1880             -0.0263      0.009     -2.777      0.005      -0.045      -0.008
sy_50.0_1890             -0.0262      0.009     -2.778      0.005      -0.045      -0.008
sy_50.0_1900              0.0083      0.009      0.878      0.380      -0.010       0.027
sy_50.0_1910             -0.0050      0.009     -0.533      0.594      -0.024       0.013
sy_50.0_1920             -0.0121      0.009     -1.288      0.198      -0.031       0.006
sy_50.0_1930             -0.0174      0.009     -1.847      0.065      -0.036       0.001
sy_500.0_1880            -0.2699      0.057     -4.743      0.000      -0.381      -0.158
sy_500.0_1890            -0.3058      0.057     -5.376      0.000      -0.417      -0.194
sy_500.0_1900            -0.2336      0.057     -4.106      0.000      -0.345      -0.122
sy_500.0_1910             0.0586      0.057      1.030      0.303      -0.053       0.170
sy_500.0_1920             0.1292      0.057      2.272      0.023       0.018       0.241
sy_500.0_1930             0.1239      0.057      2.177      0.029       0.012       0.235
sy_510.0_1880             0.0114      0.024      0.480      0.631      -0.035       0.058
sy_510.0_1890             0.0453      0.024      1.904      0.057      -0.001       0.092
sy_510.0_1900             0.0575      0.024      2.420      0.016       0.011       0.104
sy_510.0_1910             0.0753      0.024      3.167      0.002       0.029       0.122
sy_510.0_1920             0.1667      0.024      7.014      0.000       0.120       0.213
sy_510.0_1930             0.1028      0.024      4.328      0.000       0.056       0.149
sy_530.0_1890            -0.1787      0.041     -4.358      0.000      -0.259      -0.098
sy_530.0_1900            -0.0305      0.042     -0.723      0.470      -0.113       0.052
sy_530.0_1910             0.0107      0.042      0.253      0.800      -0.072       0.093
sy_530.0_1920             0.0567      0.042      1.353      0.176      -0.025       0.139
sy_530.0_1930             0.0588      0.042      1.402      0.161      -0.023       0.141
sy_540.0_1880             0.0714      0.032      2.241      0.025       0.009       0.134
sy_540.0_1890             0.0799      0.032      2.508      0.012       0.017       0.142
sy_540.0_1900             0.0752      0.032      2.371      0.018       0.013       0.137
sy_540.0_1910             0.1365      0.032      4.302      0.000       0.074       0.199
sy_540.0_1920             0.2233      0.032      7.039      0.000       0.161       0.286
sy_540.0_1930             0.0992      0.032      3.125      0.002       0.037       0.161
sy_550.0_1880             0.0738      0.058      1.279      0.201      -0.039       0.187
sy_550.0_1890             0.0779      0.059      1.332      0.183      -0.037       0.193
sy_550.0_1900             0.1515      0.059      2.577      0.010       0.036       0.267
sy_550.0_1910             0.1985      0.059      3.374      0.001       0.083       0.314
sy_550.0_1920             0.2447      0.059      4.159      0.000       0.129       0.360
sy_550.0_1930             0.1582      0.059      2.689      0.007       0.043       0.274
sy_560.0_1890            -0.3936      0.056     -7.025      0.000      -0.503      -0.284
sy_560.0_1900             0.0357      0.057      0.627      0.531      -0.076       0.147
sy_560.0_1910             0.1141      0.057      2.018      0.044       0.003       0.225
sy_560.0_1920             0.1646      0.056      2.964      0.003       0.056       0.273
sy_560.0_1930             0.1917      0.057      3.376      0.001       0.080       0.303
sy_60.0_1880             -0.1020      0.030     -3.349      0.001      -0.162      -0.042
sy_60.0_1890             -0.1442      0.030     -4.739      0.000      -0.204      -0.085
sy_60.0_1900             -0.0017      0.030     -0.056      0.955      -0.061       0.058
sy_60.0_1910              0.0375      0.030      1.243      0.214      -0.022       0.096
sy_60.0_1920              0.1116      0.030      3.703      0.000       0.053       0.171
sy_60.0_1930              0.0925      0.030      3.063      0.002       0.033       0.152
sy_80.0_1880             -0.1918      0.057     -3.341      0.001      -0.304      -0.079
sy_80.0_1890             -0.1418      0.053     -2.695      0.007      -0.245      -0.039
sy_80.0_1900              0.0460      0.054      0.859      0.390      -0.059       0.151
sy_80.0_1910              0.1209      0.053      2.286      0.022       0.017       0.225
sy_80.0_1920              0.1716      0.053      3.253      0.001       0.068       0.275
sy_80.0_1930              0.1730      0.052      3.306      0.001       0.070       0.276
sy_90.0_1880             -0.2595      0.040     -6.498      0.000      -0.338      -0.181
sy_90.0_1890             -0.3008      0.040     -7.531      0.000      -0.379      -0.223
sy_90.0_1900             -0.1658      0.040     -4.151      0.000      -0.244      -0.088
sy_90.0_1910              0.1869      0.040      4.681      0.000       0.109       0.265
sy_90.0_1920              0.1906      0.040      4.773      0.000       0.112       0.269
sy_90.0_1930              0.0695      0.040      1.740      0.082      -0.009       0.148
=========================================================================================

=== (4) + smooth location (preferred) ===
=========================================================================================
                            coef    std err          z      P>|z|      [0.025      0.975]
-----------------------------------------------------------------------------------------
const                    -2.0372      1.613     -1.263      0.207      -5.199       1.125
shi                       0.0661      0.030      2.234      0.025       0.008       0.124
mean_elevation_m      -4.332e-05   3.79e-05     -1.143      0.253      -0.000    3.09e-05
mean_slope_deg            0.0167      0.006      2.719      0.007       0.005       0.029
mean_annual_temp_c        0.0038      0.010      0.367      0.714      -0.016       0.024
mean_annual_precip_mm -2.298e-05   3.32e-05     -0.693      0.488    -8.8e-05     4.2e-05
centroid_lat              0.0906      0.039      2.342      0.019       0.015       0.166
centroid_lon             -0.0159      0.024     -0.652      0.514      -0.064       0.032
lat_sq                   -0.0010      0.000     -2.472      0.013      -0.002      -0.000
lon_sq                  -5.5e-05      0.000     -0.470      0.638      -0.000       0.000
lat_x_lon               9.99e-05      0.000      0.429      0.668      -0.000       0.001
sy_10.0_1890             -0.0222   8.36e-13  -2.65e+10      0.000      -0.022      -0.022
sy_10.0_1900             -0.0045   8.31e-13   -5.4e+09      0.000      -0.004      -0.004
sy_10.0_1910             -0.0160      0.000    -73.550      0.000      -0.016      -0.016
sy_10.0_1920             -0.2050      0.000   -941.952      0.000      -0.205      -0.205
sy_10.0_1930             -0.0618      0.000   -283.942      0.000      -0.062      -0.061
sy_100.0_1880            -0.0617      0.057     -1.075      0.282      -0.174       0.051
sy_100.0_1890             0.0185      0.057      0.322      0.747      -0.094       0.131
sy_100.0_1900             0.0662      0.057      1.154      0.249      -0.046       0.179
sy_100.0_1910             0.0959      0.057      1.670      0.095      -0.017       0.208
sy_100.0_1920             0.1985      0.057      3.458      0.001       0.086       0.311
sy_100.0_1930             0.1338      0.057      2.330      0.020       0.021       0.246
sy_110.0_1880             0.0484      0.053      0.918      0.359      -0.055       0.152
sy_110.0_1890            -0.0348      0.053     -0.660      0.509      -0.138       0.069
sy_110.0_1900             0.1592      0.053      3.016      0.003       0.056       0.263
sy_110.0_1910             0.1998      0.053      3.786      0.000       0.096       0.303
sy_110.0_1920             0.2561      0.053      4.853      0.000       0.153       0.359
sy_110.0_1930             0.0624      0.053      1.183      0.237      -0.041       0.166
sy_120.0_1880            -0.0019      0.031     -0.062      0.951      -0.064       0.060
sy_120.0_1890             0.0157      0.034      0.462      0.644      -0.051       0.082
sy_120.0_1900             0.0836      0.035      2.403      0.016       0.015       0.152
sy_120.0_1910             0.0528      0.036      1.466      0.143      -0.018       0.123
sy_120.0_1920            -0.0835      0.037     -2.274      0.023      -0.155      -0.012
sy_120.0_1930             0.0303      0.038      0.791      0.429      -0.045       0.105
sy_130.0_1880             0.0424      0.017      2.503      0.012       0.009       0.076
sy_130.0_1890             0.0136      0.017      0.805      0.421      -0.020       0.047
sy_130.0_1900             0.0252      0.017      1.491      0.136      -0.008       0.058
sy_130.0_1910             0.0087      0.017      0.506      0.613      -0.025       0.043
sy_130.0_1920            -0.1346      0.018     -7.634      0.000      -0.169      -0.100
sy_130.0_1930            -0.0078      0.018     -0.438      0.662      -0.043       0.027
sy_160.0_1890            -0.2291      0.074     -3.080      0.002      -0.375      -0.083
sy_160.0_1900             0.0833      0.073      1.141      0.254      -0.060       0.226
sy_160.0_1910             0.1378      0.073      1.882      0.060      -0.006       0.281
sy_160.0_1920             0.1239      0.072      1.714      0.087      -0.018       0.266
sy_160.0_1930             0.0812      0.072      1.123      0.261      -0.061       0.223
sy_170.0_1880            -0.0426      0.037     -1.141      0.254      -0.116       0.031
sy_170.0_1890             0.0393      0.037      1.055      0.291      -0.034       0.112
sy_170.0_1900             0.0075      0.037      0.202      0.840      -0.066       0.081
sy_170.0_1910             0.0272      0.037      0.729      0.466      -0.046       0.100
sy_170.0_1920             0.1651      0.037      4.427      0.000       0.092       0.238
sy_170.0_1930             0.1063      0.037      2.852      0.004       0.033       0.179
sy_180.0_1880             0.0332      0.032      1.045      0.296      -0.029       0.095
sy_180.0_1890             0.0846      0.032      2.664      0.008       0.022       0.147
sy_180.0_1900             0.0880      0.032      2.772      0.006       0.026       0.150
sy_180.0_1910             0.1018      0.032      3.207      0.001       0.040       0.164
sy_180.0_1920             0.2099      0.032      6.612      0.000       0.148       0.272
sy_180.0_1930             0.1504      0.032      4.738      0.000       0.088       0.213
sy_190.0_1880             0.0267      0.052      0.509      0.611      -0.076       0.129
sy_190.0_1890             0.0498      0.052      0.950      0.342      -0.053       0.153
sy_190.0_1900             0.0681      0.052      1.299      0.194      -0.035       0.171
sy_190.0_1910             0.0788      0.052      1.502      0.133      -0.024       0.182
sy_190.0_1920             0.1666      0.052      3.177      0.001       0.064       0.269
sy_190.0_1930             0.0871      0.052      1.660      0.097      -0.016       0.190
sy_200.0_1880            -0.0555      0.050     -1.120      0.263      -0.153       0.042
sy_200.0_1890            -0.0034      0.050     -0.068      0.946      -0.101       0.094
sy_200.0_1900             0.0164      0.050      0.328      0.743      -0.081       0.114
sy_200.0_1910             0.0312      0.050      0.626      0.532      -0.067       0.129
sy_200.0_1920             0.0605      0.050      1.213      0.225      -0.037       0.158
sy_200.0_1930             0.1101      0.050      2.206      0.027       0.012       0.208
sy_210.0_1880            -0.0581      0.022     -2.685      0.007      -0.101      -0.016
sy_210.0_1890            -0.0071      0.022     -0.326      0.744      -0.049       0.035
sy_210.0_1900            -0.0286      0.022     -1.324      0.186      -0.071       0.014
sy_210.0_1910            -0.0600      0.022     -2.772      0.006      -0.102      -0.018
sy_210.0_1920             0.1210      0.022      5.598      0.000       0.079       0.163
sy_210.0_1930            -0.0024      0.022     -0.113      0.910      -0.045       0.040
sy_220.0_1880            -0.0543      0.020     -2.718      0.007      -0.093      -0.015
sy_220.0_1890            -0.0474      0.020     -2.368      0.018      -0.087      -0.008
sy_220.0_1900            -0.0110      0.020     -0.552      0.581      -0.050       0.028
sy_220.0_1910             0.0252      0.020      1.259      0.208      -0.014       0.065
sy_220.0_1920            -0.1879      0.020     -9.249      0.000      -0.228      -0.148
sy_220.0_1930            -0.0513      0.020     -2.523      0.012      -0.091      -0.011
sy_230.0_1880            -0.2882      0.112     -2.569      0.010      -0.508      -0.068
sy_230.0_1890            -0.3386      0.112     -3.019      0.003      -0.558      -0.119
sy_230.0_1900            -0.2610      0.112     -2.327      0.020      -0.481      -0.041
sy_230.0_1910             0.1482      0.112      1.321      0.186      -0.072       0.368
sy_230.0_1920             0.1928      0.112      1.719      0.086      -0.027       0.413
sy_230.0_1930             0.1506      0.112      1.343      0.179      -0.069       0.370
sy_240.0_1880             0.0197      0.052      0.382      0.703      -0.082       0.121
sy_240.0_1890             0.0186      0.052      0.361      0.718      -0.083       0.120
sy_240.0_1900             0.0698      0.052      1.351      0.177      -0.031       0.171
sy_240.0_1910             0.0967      0.052      1.873      0.061      -0.005       0.198
sy_240.0_1920             0.1796      0.052      3.477      0.001       0.078       0.281
sy_240.0_1930             0.1296      0.052      2.509      0.012       0.028       0.231
sy_250.0_1880            -0.2522      0.089     -2.836      0.005      -0.426      -0.078
sy_250.0_1890            -0.3392      0.089     -3.815      0.000      -0.513      -0.165
sy_250.0_1900            -0.0722      0.089     -0.812      0.417      -0.246       0.102
sy_250.0_1910             0.2062      0.089      2.319      0.020       0.032       0.380
sy_250.0_1920             0.2244      0.089      2.524      0.012       0.050       0.399
sy_250.0_1930             0.0959      0.089      1.079      0.281      -0.078       0.270
sy_260.0_1880             0.0938      0.052      1.789      0.074      -0.009       0.197
sy_260.0_1890             0.0843      0.053      1.582      0.114      -0.020       0.189
sy_260.0_1900             0.1537      0.053      2.877      0.004       0.049       0.258
sy_260.0_1910             0.2280      0.053      4.267      0.000       0.123       0.333
sy_260.0_1920             0.2520      0.053      4.717      0.000       0.147       0.357
sy_260.0_1930             0.2002      0.053      3.747      0.000       0.095       0.305
sy_270.0_1880            -0.0041      0.067     -0.061      0.951      -0.136       0.128
sy_270.0_1890             0.0531      0.068      0.780      0.435      -0.080       0.186
sy_270.0_1900             0.1144      0.068      1.671      0.095      -0.020       0.249
sy_270.0_1910             0.2136      0.069      3.089      0.002       0.078       0.349
sy_270.0_1920             0.2543      0.069      3.678      0.000       0.119       0.390
sy_270.0_1930             0.2179      0.069      3.142      0.002       0.082       0.354
sy_280.0_1880            -0.0645      0.014     -4.750      0.000      -0.091      -0.038
sy_280.0_1890            -0.0898      0.014     -6.647      0.000      -0.116      -0.063
sy_280.0_1900            -0.0476      0.014     -3.524      0.000      -0.074      -0.021
sy_280.0_1910            -0.0418      0.013     -3.161      0.002      -0.068      -0.016
sy_280.0_1920            -0.2085      0.013    -15.875      0.000      -0.234      -0.183
sy_280.0_1930            -0.0737      0.013     -5.612      0.000      -0.099      -0.048
sy_290.0_1880            -0.0546      0.039     -1.404      0.160      -0.131       0.022
sy_290.0_1890             0.0122      0.039      0.312      0.755      -0.064       0.088
sy_290.0_1900            -0.0046      0.039     -0.119      0.905      -0.081       0.072
sy_290.0_1910             0.0433      0.039      1.114      0.265      -0.033       0.120
sy_290.0_1920             0.1773      0.039      4.561      0.000       0.101       0.254
sy_290.0_1930             0.0907      0.039      2.334      0.020       0.015       0.167
sy_300.0_1890            -0.3090      0.072     -4.290      0.000      -0.450      -0.168
sy_300.0_1900            -0.0149      0.073     -0.204      0.838      -0.158       0.128
sy_300.0_1910             0.1533      0.074      2.080      0.037       0.009       0.298
sy_300.0_1920             0.1528      0.075      2.044      0.041       0.006       0.299
sy_300.0_1930             0.1230      0.075      1.640      0.101      -0.024       0.270
sy_310.0_1880            -0.0221      0.055     -0.398      0.690      -0.131       0.087
sy_310.0_1890             0.0007      0.056      0.012      0.991      -0.109       0.110
sy_310.0_1900            -0.0082      0.056     -0.147      0.883      -0.118       0.101
sy_310.0_1910             0.0362      0.056      0.648      0.517      -0.073       0.146
sy_310.0_1920             0.0992      0.056      1.778      0.075      -0.010       0.209
sy_310.0_1930             0.1156      0.056      2.071      0.038       0.006       0.225
sy_320.0_1880            -0.3342      0.080     -4.172      0.000      -0.491      -0.177
sy_320.0_1890            -0.4126      0.080     -5.150      0.000      -0.570      -0.256
sy_320.0_1900            -0.0658      0.080     -0.821      0.412      -0.223       0.091
sy_320.0_1910            -0.0135      0.080     -0.169      0.866      -0.170       0.143
sy_320.0_1920             0.0376      0.080      0.468      0.640      -0.120       0.195
sy_320.0_1930             0.0592      0.080      0.736      0.462      -0.099       0.217
sy_330.0_1880            -0.3220      0.093     -3.477      0.001      -0.503      -0.140
sy_330.0_1890            -0.3826      0.093     -4.132      0.000      -0.564      -0.201
sy_330.0_1900            -0.2750      0.093     -2.970      0.003      -0.457      -0.094
sy_330.0_1910             0.1456      0.093      1.573      0.116      -0.036       0.327
sy_330.0_1920             0.1743      0.093      1.882      0.060      -0.007       0.356
sy_330.0_1930             0.1346      0.093      1.453      0.146      -0.047       0.316
sy_340.0_1880             0.1179      0.065      1.806      0.071      -0.010       0.246
sy_340.0_1890             0.0579      0.065      0.887      0.375      -0.070       0.186
sy_340.0_1900             0.1701      0.065      2.607      0.009       0.042       0.298
sy_340.0_1910             0.2198      0.065      3.369      0.001       0.092       0.348
sy_340.0_1920             0.2412      0.065      3.697      0.000       0.113       0.369
sy_340.0_1930             0.1230      0.065      1.897      0.058      -0.004       0.250
sy_350.0_1920             0.1720      0.051      3.385      0.001       0.072       0.272
sy_350.0_1930             0.1667      0.051      3.278      0.001       0.067       0.266
sy_360.0_1880             0.0301      0.067      0.446      0.656      -0.102       0.162
sy_360.0_1890            -0.0288      0.067     -0.427      0.669      -0.161       0.103
sy_360.0_1900             0.0424      0.068      0.629      0.529      -0.090       0.175
sy_360.0_1910             0.1741      0.068      2.579      0.010       0.042       0.306
sy_360.0_1920             0.1985      0.068      2.938      0.003       0.066       0.331
sy_360.0_1930             0.1895      0.067      2.811      0.005       0.057       0.322
sy_370.0_1880            -0.0035      0.035     -0.098      0.922      -0.073       0.066
sy_370.0_1890             0.0307      0.035      0.868      0.385      -0.039       0.100
sy_370.0_1900             0.0324      0.035      0.916      0.360      -0.037       0.102
sy_370.0_1910             0.0487      0.035      1.376      0.169      -0.021       0.118
sy_370.0_1920            -0.0071      0.035     -0.200      0.841      -0.076       0.062
sy_370.0_1930             0.0366      0.035      1.037      0.300      -0.033       0.106
sy_380.0_1890            -0.0478      0.082     -0.585      0.559      -0.208       0.112
sy_380.0_1900             0.0308      0.082      0.377      0.706      -0.129       0.191
sy_380.0_1910             0.1107      0.081      1.361      0.174      -0.049       0.270
sy_380.0_1920             0.1517      0.081      1.879      0.060      -0.007       0.310
sy_380.0_1930             0.2065      0.081      2.557      0.011       0.048       0.365
sy_390.0_1880             0.0736      0.034      2.171      0.030       0.007       0.140
sy_390.0_1890             0.1007      0.034      2.970      0.003       0.034       0.167
sy_390.0_1900             0.1206      0.034      3.556      0.000       0.054       0.187
sy_390.0_1910             0.1503      0.034      4.430      0.000       0.084       0.217
sy_390.0_1920             0.2357      0.034      6.949      0.000       0.169       0.302
sy_390.0_1930             0.1710      0.034      5.041      0.000       0.104       0.237
sy_40.0_1920              0.1541      0.070      2.207      0.027       0.017       0.291
sy_40.0_1930              0.1386      0.070      1.985      0.047       0.002       0.275
sy_400.0_1910            -0.0447      0.044     -1.016      0.310      -0.131       0.042
sy_400.0_1920             0.0445      0.044      1.011      0.312      -0.042       0.131
sy_400.0_1930             0.0738      0.044      1.675      0.094      -0.013       0.160
sy_410.0_1880            -0.1107      0.099     -1.122      0.262      -0.304       0.083
sy_410.0_1890            -0.1673      0.094     -1.785      0.074      -0.351       0.016
sy_410.0_1900             0.0196      0.094      0.208      0.835      -0.165       0.204
sy_410.0_1910             0.0798      0.094      0.847      0.397      -0.105       0.264
sy_410.0_1920             0.1174      0.094      1.254      0.210      -0.066       0.301
sy_410.0_1930             0.1141      0.094      1.218      0.223      -0.070       0.298
sy_420.0_1880             0.1322      0.051      2.579      0.010       0.032       0.233
sy_420.0_1890             0.0871      0.051      1.700      0.089      -0.013       0.188
sy_420.0_1900             0.1431      0.051      2.792      0.005       0.043       0.244
sy_420.0_1910             0.2084      0.051      4.066      0.000       0.108       0.309
sy_420.0_1920             0.2410      0.051      4.700      0.000       0.140       0.341
sy_420.0_1930             0.2052      0.051      4.004      0.000       0.105       0.306
sy_440.0_1880            -0.2287      0.087     -2.623      0.009      -0.400      -0.058
sy_440.0_1890            -0.2957      0.087     -3.391      0.001      -0.467      -0.125
sy_440.0_1900            -0.0297      0.087     -0.341      0.733      -0.201       0.141
sy_440.0_1910             0.2250      0.087      2.580      0.010       0.054       0.396
sy_440.0_1920             0.2321      0.087      2.662      0.008       0.061       0.403
sy_440.0_1930             0.1146      0.087      1.314      0.189      -0.056       0.286
sy_450.0_1880             0.0183      0.027      0.681      0.496      -0.034       0.071
sy_450.0_1890             0.0041      0.027      0.151      0.880      -0.049       0.057
sy_450.0_1900             0.0505      0.027      1.874      0.061      -0.002       0.103
sy_450.0_1910             0.0401      0.027      1.470      0.141      -0.013       0.094
sy_450.0_1920            -0.0454      0.027     -1.677      0.094      -0.099       0.008
sy_450.0_1930             0.0350      0.027      1.293      0.196      -0.018       0.088
sy_460.0_1890             0.0516      0.066      0.786      0.432      -0.077       0.180
sy_460.0_1900             0.0182      0.066      0.277      0.782      -0.110       0.147
sy_460.0_1910             0.0532      0.065      0.813      0.416      -0.075       0.182
sy_460.0_1920             0.0933      0.065      1.424      0.154      -0.035       0.222
sy_460.0_1930             0.2046      0.066      3.122      0.002       0.076       0.333
sy_470.0_1880            -0.0401      0.013     -2.977      0.003      -0.066      -0.014
sy_470.0_1890             0.0080      0.013      0.594      0.552      -0.018       0.034
sy_470.0_1900            -0.0007      0.013     -0.054      0.957      -0.027       0.026
sy_470.0_1910            -0.0287      0.013     -2.126      0.033      -0.055      -0.002
sy_470.0_1920             0.0838      0.013      6.218      0.000       0.057       0.110
sy_470.0_1930            -0.0158      0.013     -1.174      0.240      -0.042       0.011
sy_480.0_1880            -0.1219      0.035     -3.448      0.001      -0.191      -0.053
sy_480.0_1890            -0.0660      0.037     -1.769      0.077      -0.139       0.007
sy_480.0_1900            -0.0179      0.038     -0.469      0.639      -0.093       0.057
sy_480.0_1910            -0.0391      0.038     -1.019      0.308      -0.114       0.036
sy_480.0_1920            -0.0429      0.038     -1.122      0.262      -0.118       0.032
sy_480.0_1930             0.0893      0.038      2.345      0.019       0.015       0.164
sy_490.0_1900             0.0390      0.065      0.596      0.551      -0.089       0.167
sy_490.0_1910             0.0593      0.065      0.905      0.366      -0.069       0.188
sy_490.0_1920             0.0940      0.065      1.442      0.149      -0.034       0.222
sy_490.0_1930             0.0978      0.065      1.499      0.134      -0.030       0.226
sy_50.0_1880             -0.0615      0.029     -2.129      0.033      -0.118      -0.005
sy_50.0_1890             -0.0613      0.029     -2.126      0.033      -0.118      -0.005
sy_50.0_1900             -0.0269      0.029     -0.932      0.352      -0.083       0.030
sy_50.0_1910             -0.0402      0.029     -1.393      0.164      -0.097       0.016
sy_50.0_1920             -0.0473      0.029     -1.640      0.101      -0.104       0.009
sy_50.0_1930             -0.0526      0.029     -1.822      0.068      -0.109       0.004
sy_500.0_1880            -0.2282      0.089     -2.556      0.011      -0.403      -0.053
sy_500.0_1890            -0.2642      0.089     -2.959      0.003      -0.439      -0.089
sy_500.0_1900            -0.1920      0.089     -2.150      0.032      -0.367      -0.017
sy_500.0_1910             0.1002      0.089      1.122      0.262      -0.075       0.275
sy_500.0_1920             0.1709      0.089      1.913      0.056      -0.004       0.346
sy_500.0_1930             0.1655      0.089      1.853      0.064      -0.010       0.340
sy_510.0_1880             0.0045      0.042      0.107      0.915      -0.078       0.087
sy_510.0_1890             0.0383      0.042      0.917      0.359      -0.044       0.120
sy_510.0_1900             0.0506      0.042      1.197      0.231      -0.032       0.133
sy_510.0_1910             0.0683      0.042      1.617      0.106      -0.014       0.151
sy_510.0_1920             0.1597      0.042      3.780      0.000       0.077       0.243
sy_510.0_1930             0.0959      0.042      2.263      0.024       0.013       0.179
sy_530.0_1890            -0.1461      0.095     -1.539      0.124      -0.332       0.040
sy_530.0_1900             0.0031      0.095      0.033      0.974      -0.183       0.189
sy_530.0_1910             0.0435      0.094      0.462      0.644      -0.141       0.228
sy_530.0_1920             0.0905      0.094      0.959      0.337      -0.094       0.275
sy_530.0_1930             0.0926      0.094      0.982      0.326      -0.092       0.277
sy_540.0_1880             0.0603      0.036      1.679      0.093      -0.010       0.131
sy_540.0_1890             0.0688      0.036      1.916      0.055      -0.002       0.139
sy_540.0_1900             0.0640      0.036      1.788      0.074      -0.006       0.134
sy_540.0_1910             0.1253      0.036      3.500      0.000       0.055       0.195
sy_540.0_1920             0.2121      0.036      5.927      0.000       0.142       0.282
sy_540.0_1930             0.0879      0.036      2.457      0.014       0.018       0.158
sy_550.0_1880             0.0778      0.057      1.366      0.172      -0.034       0.189
sy_550.0_1890             0.0844      0.058      1.460      0.144      -0.029       0.198
sy_550.0_1900             0.1588      0.058      2.735      0.006       0.045       0.273
sy_550.0_1910             0.2061      0.058      3.544      0.000       0.092       0.320
sy_550.0_1920             0.2523      0.058      4.338      0.000       0.138       0.366
sy_550.0_1930             0.1658      0.058      2.851      0.004       0.052       0.280
sy_560.0_1890            -0.3971      0.059     -6.781      0.000      -0.512      -0.282
sy_560.0_1900             0.0356      0.059      0.602      0.547      -0.080       0.151
sy_560.0_1910             0.1121      0.059      1.894      0.058      -0.004       0.228
sy_560.0_1920             0.1605      0.059      2.700      0.007       0.044       0.277
sy_560.0_1930             0.1892      0.060      3.178      0.001       0.073       0.306
sy_60.0_1880             -0.1623      0.102     -1.599      0.110      -0.361       0.037
sy_60.0_1890             -0.2045      0.101     -2.017      0.044      -0.403      -0.006
sy_60.0_1900             -0.0626      0.101     -0.619      0.536      -0.261       0.136
sy_60.0_1910             -0.0237      0.101     -0.235      0.814      -0.221       0.174
sy_60.0_1920              0.0504      0.101      0.499      0.617      -0.147       0.248
sy_60.0_1930              0.0314      0.101      0.311      0.755      -0.166       0.229
sy_80.0_1880             -0.2098      0.054     -3.879      0.000      -0.316      -0.104
sy_80.0_1890             -0.1657      0.053     -3.106      0.002      -0.270      -0.061
sy_80.0_1900              0.0232      0.054      0.432      0.666      -0.082       0.128
sy_80.0_1910              0.0978      0.053      1.838      0.066      -0.006       0.202
sy_80.0_1920              0.1485      0.053      2.790      0.005       0.044       0.253
sy_80.0_1930              0.1495      0.053      2.814      0.005       0.045       0.254
sy_90.0_1880             -0.2402      0.080     -3.008      0.003      -0.397      -0.084
sy_90.0_1890             -0.2814      0.080     -3.524      0.000      -0.438      -0.125
sy_90.0_1900             -0.1464      0.080     -1.834      0.067      -0.303       0.010
sy_90.0_1910              0.2063      0.080      2.584      0.010       0.050       0.363
sy_90.0_1920              0.2100      0.080      2.630      0.009       0.054       0.367
sy_90.0_1930              0.0889      0.080      1.113      0.266      -0.068       0.245
=========================================================================================

