=== (1) no controls ===
==============================================================================
                 coef    std err          z      P>|z|      [0.025      0.975]
------------------------------------------------------------------------------
const          0.0934      0.229      0.408      0.683      -0.355       0.542
shi           -0.1269      0.309     -0.411      0.681      -0.733       0.479
==============================================================================

=== (2) + state-by-year FE ===
=================================================================================
                    coef    std err          z      P>|z|      [0.025      0.975]
---------------------------------------------------------------------------------
const             0.6073      0.169      3.604      0.000       0.277       0.938
shi              -0.6865      0.221     -3.102      0.002      -1.120      -0.253
sy_10.0_1860      0.1602      0.001    113.039      0.000       0.157       0.163
sy_10.0_1870      0.4872      0.001    526.954      0.000       0.485       0.489
sy_10.0_1890     -0.3934      0.001   -490.330      0.000      -0.395      -0.392
sy_100.0_1850     0.1471      0.006     22.646      0.000       0.134       0.160
sy_100.0_1860     0.3046      0.006     46.899      0.000       0.292       0.317
sy_100.0_1870     0.7411      0.006    114.103      0.000       0.728       0.754
sy_100.0_1890     0.6061      0.006     93.313      0.000       0.593       0.619
sy_110.0_1870    -1.4051      0.015    -91.728      0.000      -1.435      -1.375
sy_110.0_1890    -0.6217      0.015    -40.586      0.000      -0.652      -0.592
sy_120.0_1850     0.2743      0.017     16.275      0.000       0.241       0.307
sy_120.0_1860     0.3109      0.014     21.474      0.000       0.283       0.339
sy_120.0_1870     0.7037      0.013     55.109      0.000       0.679       0.729
sy_120.0_1890    -0.2421      0.011    -22.699      0.000      -0.263      -0.221
sy_130.0_1850     0.1529      0.021      7.408      0.000       0.112       0.193
sy_130.0_1860     0.3268      0.021     15.611      0.000       0.286       0.368
sy_130.0_1870     0.5173      0.021     24.917      0.000       0.477       0.558
sy_130.0_1890    -0.1731      0.021     -8.262      0.000      -0.214      -0.132
sy_160.0_1890     1.9458      0.029     66.452      0.000       1.888       2.003
sy_170.0_1850    -0.1436      0.004    -40.051      0.000      -0.151      -0.137
sy_170.0_1860    -0.4169      0.004   -114.987      0.000      -0.424      -0.410
sy_170.0_1870    -0.7112      0.004   -196.181      0.000      -0.718      -0.704
sy_170.0_1890    -0.6311      0.004   -174.088      0.000      -0.638      -0.624
sy_180.0_1850    -0.3580      0.010    -34.360      0.000      -0.378      -0.338
sy_180.0_1860    -0.4919      0.010    -47.491      0.000      -0.512      -0.472
sy_180.0_1870    -0.6152      0.010    -61.177      0.000      -0.635      -0.596
sy_180.0_1890    -0.7023      0.010    -69.835      0.000      -0.722      -0.683
sy_190.0_1850     0.3321      0.007     49.064      0.000       0.319       0.345
sy_190.0_1860    -0.0276      0.004     -7.281      0.000      -0.035      -0.020
sy_190.0_1870    -0.3598      0.011    -32.477      0.000      -0.382      -0.338
sy_190.0_1890    -0.6190      0.011    -54.702      0.000      -0.641      -0.597
sy_200.0_1870    -0.2658      0.003    -81.961      0.000      -0.272      -0.259
sy_200.0_1890    -0.5244      0.007    -72.020      0.000      -0.539      -0.510
sy_210.0_1850    -0.0744      0.026     -2.823      0.005      -0.126      -0.023
sy_210.0_1860    -0.0737      0.026     -2.828      0.005      -0.125      -0.023
sy_210.0_1870    -0.2132      0.029     -7.436      0.000      -0.269      -0.157
sy_210.0_1890    -0.2060      0.031     -6.615      0.000      -0.267      -0.145
sy_220.0_1850     1.0462      0.014     74.030      0.000       1.018       1.074
sy_220.0_1860     0.5078      0.014     37.449      0.000       0.481       0.534
sy_220.0_1870     0.4081      0.015     27.747      0.000       0.379       0.437
sy_220.0_1890     0.9338      0.014     64.654      0.000       0.905       0.962
sy_230.0_1850    -0.8739      0.019    -46.209      0.000      -0.911      -0.837
sy_230.0_1860    -1.0075      0.014    -70.851      0.000      -1.035      -0.980
sy_230.0_1870    -0.5401      0.014    -37.982      0.000      -0.568      -0.512
sy_230.0_1890    -0.3889      0.014    -27.349      0.000      -0.417      -0.361
sy_240.0_1850    -0.0628      0.005    -13.044      0.000      -0.072      -0.053
sy_240.0_1860     0.1566      0.006     28.414      0.000       0.146       0.167
sy_240.0_1870     0.7057      0.005    148.872      0.000       0.696       0.715
sy_240.0_1890     0.1540      0.004     35.392      0.000       0.145       0.163
sy_250.0_1850    -0.9998      0.004   -253.892      0.000      -1.008      -0.992
sy_250.0_1860    -1.0161      0.004   -258.020      0.000      -1.024      -1.008
sy_250.0_1870    -1.0782      0.004   -273.779      0.000      -1.086      -1.070
sy_250.0_1890     0.4265      0.004    108.315      0.000       0.419       0.434
sy_260.0_1850    -0.0896      0.000   -367.062      0.000      -0.090      -0.089
sy_260.0_1860    -0.3375      0.002   -177.291      0.000      -0.341      -0.334
sy_260.0_1870    -0.3069      0.004    -83.186      0.000      -0.314      -0.300
sy_260.0_1890     0.0840      0.003     30.394      0.000       0.079       0.089
sy_270.0_1860     0.2084      0.011     18.480      0.000       0.186       0.230
sy_270.0_1870    -0.3241      0.006    -54.179      0.000      -0.336      -0.312
sy_270.0_1890     0.3332      0.009     39.107      0.000       0.317       0.350
sy_280.0_1850     0.1901      0.006     30.505      0.000       0.178       0.202
sy_280.0_1860     0.2305      0.006     41.637      0.000       0.220       0.241
sy_280.0_1870     0.1549      0.006     27.559      0.000       0.144       0.166
sy_280.0_1890    -0.1756      0.004    -43.207      0.000      -0.184      -0.168
sy_290.0_1850     0.0909      0.013      6.814      0.000       0.065       0.117
sy_290.0_1860    -0.0048      0.015     -0.316      0.752      -0.034       0.025
sy_290.0_1870    -0.4896      0.017    -29.477      0.000      -0.522      -0.457
sy_290.0_1890    -0.5912      0.018    -33.357      0.000      -0.626      -0.556
sy_300.0_1890     1.2719      0.033     38.612      0.000       1.207       1.336
sy_310.0_1870    -0.0930      0.005    -20.653      0.000      -0.102      -0.084
sy_310.0_1890    -0.3228      0.003   -115.536      0.000      -0.328      -0.317
sy_320.0_1870     0.3546      0.033     10.635      0.000       0.289       0.420
sy_320.0_1890     2.4918      0.036     69.028      0.000       2.421       2.563
sy_330.0_1850    -0.7319      0.012    -62.053      0.000      -0.755      -0.709
sy_330.0_1860    -1.0858      0.012    -92.059      0.000      -1.109      -1.063
sy_330.0_1870    -0.5989      0.012    -50.779      0.000      -0.622      -0.576
sy_330.0_1890    -0.3208      0.012    -27.196      0.000      -0.344      -0.298
sy_340.0_1850    -0.5445      0.004   -152.334      0.000      -0.552      -0.538
sy_340.0_1860    -0.7348      0.001   -496.685      0.000      -0.738      -0.732
sy_340.0_1870    -0.6196      0.001   -418.804      0.000      -0.622      -0.617
sy_340.0_1890    -0.1835      0.001   -124.007      0.000      -0.186      -0.181
sy_360.0_1850    -1.0366      0.002   -607.450      0.000      -1.040      -1.033
sy_360.0_1860    -1.0720      0.002   -460.119      0.000      -1.077      -1.067
sy_360.0_1870    -0.8795      0.002   -377.501      0.000      -0.884      -0.875
sy_360.0_1890    -0.2582      0.002   -110.831      0.000      -0.263      -0.254
sy_370.0_1850    -0.0067      0.014     -0.473      0.636      -0.034       0.021
sy_370.0_1860     0.0548      0.016      3.519      0.000       0.024       0.085
sy_370.0_1870     0.3350      0.014     23.138      0.000       0.307       0.363
sy_370.0_1890    -0.1212      0.014     -8.444      0.000      -0.149      -0.093
sy_380.0_1890     0.4623      0.011     41.176      0.000       0.440       0.484
sy_390.0_1850    -0.7516      0.009    -87.966      0.000      -0.768      -0.735
sy_390.0_1860    -0.4810      0.008    -58.083      0.000      -0.497      -0.465
sy_390.0_1870    -0.8167      0.008    -98.617      0.000      -0.833      -0.801
sy_390.0_1890    -0.7903      0.008    -95.419      0.000      -0.806      -0.774
sy_410.0_1860     0.2148      0.023      9.307      0.000       0.170       0.260
sy_410.0_1870     0.8788      0.018     48.567      0.000       0.843       0.914
sy_410.0_1890     0.2519      0.018     13.759      0.000       0.216       0.288
sy_420.0_1850    -0.8270      0.011    -75.240      0.000      -0.848      -0.805
sy_420.0_1860    -0.8575      0.011    -74.837      0.000      -0.880      -0.835
sy_420.0_1870    -0.8415      0.012    -72.481      0.000      -0.864      -0.819
sy_420.0_1890    -0.6171      0.011    -54.200      0.000      -0.639      -0.595
sy_440.0_1850    -0.6054      0.001   -704.800      0.000      -0.607      -0.604
sy_440.0_1860    -1.1285      0.001  -1313.898      0.000      -1.130      -1.127
sy_440.0_1870    -0.8204      0.001   -955.143      0.000      -0.822      -0.819
sy_440.0_1890     0.3875      0.001    451.121      0.000       0.386       0.389
sy_450.0_1850    -0.1213      0.011    -11.128      0.000      -0.143      -0.100
sy_450.0_1860    -0.0784      0.010     -7.639      0.000      -0.099      -0.058
sy_450.0_1870     0.1062      0.010     10.134      0.000       0.086       0.127
sy_450.0_1890    -0.1731      0.010    -16.852      0.000      -0.193      -0.153
sy_460.0_1890     0.0543      0.008      6.661      0.000       0.038       0.070
sy_470.0_1850    -0.1133      0.005    -24.183      0.000      -0.123      -0.104
sy_470.0_1860     0.2045      0.006     33.142      0.000       0.192       0.217
sy_470.0_1870    -0.0400      0.006     -7.020      0.000      -0.051      -0.029
sy_470.0_1890    -0.3913      0.007    -56.739      0.000      -0.405      -0.378
sy_480.0_1850     1.1347      0.011    106.341      0.000       1.114       1.156
sy_480.0_1860     0.4515      0.008     59.648      0.000       0.437       0.466
sy_480.0_1870     0.7519      0.006    130.278      0.000       0.741       0.763
sy_480.0_1890     0.4490      0.003    154.017      0.000       0.443       0.455
sy_50.0_1850      0.5193      0.016     31.775      0.000       0.487       0.551
sy_50.0_1860      0.4087      0.016     25.422      0.000       0.377       0.440
sy_50.0_1870      0.2107      0.017     12.519      0.000       0.178       0.244
sy_50.0_1890     -0.2594      0.016    -16.261      0.000      -0.291      -0.228
sy_500.0_1850    -0.8210      0.011    -76.012      0.000      -0.842      -0.800
sy_500.0_1860    -1.0074      0.011    -93.267      0.000      -1.029      -0.986
sy_500.0_1870    -0.7882      0.011    -72.974      0.000      -0.809      -0.767
sy_500.0_1890    -0.0331      0.011     -3.066      0.002      -0.054      -0.012
sy_510.0_1850    -0.2174      0.017    -12.717      0.000      -0.251      -0.184
sy_510.0_1860    -0.1947      0.022     -8.881      0.000      -0.238      -0.152
sy_510.0_1870     0.1241      0.019      6.539      0.000       0.087       0.161
sy_510.0_1890     0.1065      0.023      4.688      0.000       0.062       0.151
sy_530.0_1890     0.2348      0.019     12.501      0.000       0.198       0.272
sy_540.0_1870     0.3564      0.037      9.562      0.000       0.283       0.429
sy_540.0_1890    -0.4436      0.038    -11.537      0.000      -0.519      -0.368
sy_550.0_1850    -0.3996      0.004   -106.943      0.000      -0.407      -0.392
sy_550.0_1860    -0.5607      0.001   -413.581      0.000      -0.563      -0.558
sy_550.0_1870    -0.7090      0.000  -2796.895      0.000      -0.710      -0.709
sy_550.0_1890     0.0500      0.001     34.026      0.000       0.047       0.053
sy_560.0_1890     1.6066      0.026     61.996      0.000       1.556       1.657
sy_60.0_1850      2.3285      0.024     95.742      0.000       2.281       2.376
sy_60.0_1860      0.8146      0.027     30.401      0.000       0.762       0.867
sy_60.0_1870      0.2180      0.028      7.747      0.000       0.163       0.273
sy_60.0_1890      0.4997      0.028     18.008      0.000       0.445       0.554
sy_80.0_1890      0.9240      0.016     57.610      0.000       0.893       0.955
sy_90.0_1850     -0.7735      0.007   -112.414      0.000      -0.787      -0.760
sy_90.0_1860     -0.8242      0.007   -119.787      0.000      -0.838      -0.811
sy_90.0_1870     -0.7042      0.007   -102.349      0.000      -0.718      -0.691
sy_90.0_1890      0.0276      0.007      4.015      0.000       0.014       0.041
=================================================================================

=== (3) + geo-climatic ===
=========================================================================================
                            coef    std err          z      P>|z|      [0.025      0.975]
-----------------------------------------------------------------------------------------
const                     0.2209      0.734      0.301      0.763      -1.217       1.659
shi                      -0.6220      0.215     -2.894      0.004      -1.043      -0.201
mean_elevation_m          0.0010      0.000      3.062      0.002       0.000       0.002
mean_slope_deg           -0.0206      0.053     -0.388      0.698      -0.124       0.083
mean_annual_temp_c        0.0385      0.040      0.973      0.330      -0.039       0.116
mean_annual_precip_mm    -0.0003      0.000     -1.232      0.218      -0.001       0.000
mean_flow_accum        1.989e-06    1.1e-06      1.807      0.071   -1.69e-07    4.15e-06
river_density            -1.0136      0.902     -1.124      0.261      -2.781       0.753
sy_10.0_1860              0.1589      0.003     54.751      0.000       0.153       0.165
sy_10.0_1870              0.4819      0.002    311.335      0.000       0.479       0.485
sy_10.0_1890             -0.3984      0.002   -174.323      0.000      -0.403      -0.394
sy_100.0_1850             0.3121      0.207      1.508      0.131      -0.093       0.718
sy_100.0_1860             0.4697      0.207      2.270      0.023       0.064       0.875
sy_100.0_1870             0.9062      0.207      4.379      0.000       0.501       1.312
sy_100.0_1890             0.7712      0.207      3.726      0.000       0.366       1.177
sy_110.0_1870            -1.2772      0.175     -7.300      0.000      -1.620      -0.934
sy_110.0_1890            -0.4938      0.175     -2.822      0.005      -0.837      -0.151
sy_120.0_1850             0.2547      0.091      2.786      0.005       0.076       0.434
sy_120.0_1860             0.2760      0.100      2.768      0.006       0.081       0.471
sy_120.0_1870             0.6624      0.103      6.440      0.000       0.461       0.864
sy_120.0_1890            -0.3042      0.120     -2.545      0.011      -0.538      -0.070
sy_130.0_1850             0.0673      0.050      1.341      0.180      -0.031       0.166
sy_130.0_1860             0.2386      0.049      4.905      0.000       0.143       0.334
sy_130.0_1870             0.4296      0.049      8.845      0.000       0.334       0.525
sy_130.0_1890            -0.2616      0.049     -5.344      0.000      -0.358      -0.166
sy_160.0_1890             0.8113      0.400      2.026      0.043       0.027       1.596
sy_170.0_1850            -0.1073      0.232     -0.462      0.644      -0.562       0.348
sy_170.0_1860            -0.3802      0.233     -1.629      0.103      -0.838       0.077
sy_170.0_1870            -0.6745      0.233     -2.890      0.004      -1.132      -0.217
sy_170.0_1890            -0.5944      0.233     -2.547      0.011      -1.052      -0.137
sy_180.0_1850            -0.3308      0.227     -1.456      0.145      -0.776       0.115
sy_180.0_1860            -0.4642      0.228     -2.035      0.042      -0.911      -0.017
sy_180.0_1870            -0.5872      0.229     -2.568      0.010      -1.035      -0.139
sy_180.0_1890            -0.6743      0.229     -2.949      0.003      -1.122      -0.226
sy_190.0_1850             0.3618      0.283      1.280      0.200      -0.192       0.916
sy_190.0_1860            -0.0412      0.290     -0.142      0.887      -0.609       0.526
sy_190.0_1870            -0.3999      0.298     -1.344      0.179      -0.983       0.183
sy_190.0_1890            -0.6636      0.299     -2.218      0.027      -1.250      -0.077
sy_200.0_1870            -0.4612      0.178     -2.593      0.010      -0.810      -0.113
sy_200.0_1890            -0.9773      0.221     -4.416      0.000      -1.411      -0.544
sy_210.0_1850            -0.0727      0.141     -0.516      0.606      -0.349       0.203
sy_210.0_1860            -0.0724      0.141     -0.514      0.608      -0.349       0.204
sy_210.0_1870            -0.2124      0.142     -1.499      0.134      -0.490       0.065
sy_210.0_1890            -0.2096      0.141     -1.482      0.138      -0.487       0.068
sy_220.0_1850             1.0194      0.064     15.969      0.000       0.894       1.144
sy_220.0_1860             0.4838      0.063      7.698      0.000       0.361       0.607
sy_220.0_1870             0.3907      0.062      6.290      0.000       0.269       0.512
sy_220.0_1890             0.9193      0.059     15.640      0.000       0.804       1.034
sy_230.0_1850            -0.5758      0.453     -1.271      0.204      -1.464       0.312
sy_230.0_1860            -0.6947      0.445     -1.561      0.119      -1.567       0.178
sy_230.0_1870            -0.2273      0.445     -0.511      0.610      -1.100       0.645
sy_230.0_1890            -0.0761      0.445     -0.171      0.864      -0.949       0.796
sy_240.0_1850             0.0521      0.200      0.261      0.794      -0.339       0.444
sy_240.0_1860             0.2703      0.199      1.358      0.175      -0.120       0.660
sy_240.0_1870             0.8207      0.198      4.137      0.000       0.432       1.209
sy_240.0_1890             0.2486      0.198      1.254      0.210      -0.140       0.637
sy_250.0_1850            -0.7522      0.327     -2.297      0.022      -1.394      -0.110
sy_250.0_1860            -0.7685      0.327     -2.347      0.019      -1.410      -0.127
sy_250.0_1870            -0.8305      0.327     -2.537      0.011      -1.472      -0.189
sy_250.0_1890             0.6742      0.327      2.059      0.040       0.032       1.316
sy_260.0_1850            -0.0576      0.323     -0.178      0.858      -0.691       0.575
sy_260.0_1860            -0.2911      0.344     -0.846      0.397      -0.965       0.383
sy_260.0_1870            -0.2393      0.366     -0.653      0.514      -0.957       0.479
sy_260.0_1890             0.1413      0.377      0.375      0.708      -0.598       0.880
sy_270.0_1860             0.2273      0.394      0.577      0.564      -0.545       1.000
sy_270.0_1870            -0.3228      0.396     -0.815      0.415      -1.099       0.453
sy_270.0_1890             0.3181      0.415      0.766      0.443      -0.496       1.132
sy_280.0_1850             0.2096      0.020     10.370      0.000       0.170       0.249
sy_280.0_1860             0.2484      0.021     11.696      0.000       0.207       0.290
sy_280.0_1870             0.1732      0.021      8.176      0.000       0.132       0.215
sy_280.0_1890            -0.1495      0.021     -7.220      0.000      -0.190      -0.109
sy_290.0_1850             0.0272      0.180      0.151      0.880      -0.326       0.380
sy_290.0_1860            -0.0703      0.178     -0.395      0.693      -0.419       0.279
sy_290.0_1870            -0.5607      0.175     -3.203      0.001      -0.904      -0.218
sy_290.0_1890            -0.6639      0.176     -3.782      0.000      -1.008      -0.320
sy_300.0_1890             0.0429      0.429      0.100      0.920      -0.798       0.884
sy_310.0_1870            -0.3341      0.267     -1.251      0.211      -0.858       0.189
sy_310.0_1890            -0.8144      0.284     -2.869      0.004      -1.371      -0.258
sy_320.0_1870            -1.2368      0.478     -2.587      0.010      -2.174      -0.300
sy_320.0_1890             0.8931      0.482      1.854      0.064      -0.051       1.838
sy_330.0_1850            -0.5552      0.400     -1.390      0.165      -1.338       0.228
sy_330.0_1860            -0.9091      0.400     -2.275      0.023      -1.692      -0.126
sy_330.0_1870            -0.4222      0.400     -1.057      0.291      -1.205       0.361
sy_330.0_1890            -0.1440      0.400     -0.361      0.718      -0.927       0.639
sy_340.0_1850            -0.3425      0.247     -1.386      0.166      -0.827       0.142
sy_340.0_1860            -0.5307      0.247     -2.153      0.031      -1.014      -0.048
sy_340.0_1870            -0.4155      0.247     -1.685      0.092      -0.899       0.068
sy_340.0_1890             0.0206      0.247      0.084      0.933      -0.463       0.504
sy_360.0_1850            -0.9365      0.341     -2.748      0.006      -1.605      -0.268
sy_360.0_1860            -0.9742      0.341     -2.859      0.004      -1.642      -0.306
sy_360.0_1870            -0.7817      0.341     -2.294      0.022      -1.450      -0.114
sy_360.0_1890            -0.1604      0.341     -0.471      0.638      -0.828       0.508
sy_370.0_1850            -0.0505      0.082     -0.619      0.536      -0.210       0.109
sy_370.0_1860            -0.0039      0.083     -0.047      0.962      -0.166       0.158
sy_370.0_1870             0.2654      0.082      3.226      0.001       0.104       0.427
sy_370.0_1890            -0.1926      0.082     -2.341      0.019      -0.354      -0.031
sy_380.0_1890             0.2965      0.466      0.637      0.524      -0.616       1.209
sy_390.0_1850            -0.7706      0.249     -3.093      0.002      -1.259      -0.282
sy_390.0_1860            -0.4997      0.250     -2.001      0.045      -0.989      -0.010
sy_390.0_1870            -0.8354      0.250     -3.345      0.001      -1.325      -0.346
sy_390.0_1890            -0.8090      0.250     -3.239      0.001      -1.298      -0.319
sy_410.0_1860             0.2781      0.269      1.034      0.301      -0.249       0.805
sy_410.0_1870             0.7554      0.257      2.945      0.003       0.253       1.258
sy_410.0_1890            -0.1025      0.253     -0.405      0.686      -0.599       0.394
sy_420.0_1850            -0.8262      0.270     -3.060      0.002      -1.355      -0.297
sy_420.0_1860            -0.8561      0.270     -3.169      0.002      -1.386      -0.327
sy_420.0_1870            -0.8412      0.271     -3.108      0.002      -1.372      -0.311
sy_420.0_1890            -0.6174      0.271     -2.275      0.023      -1.149      -0.085
sy_440.0_1850            -0.2313      0.314     -0.736      0.461      -0.847       0.384
sy_440.0_1860            -0.8039      0.314     -2.560      0.010      -1.419      -0.188
sy_440.0_1870            -0.4173      0.314     -1.329      0.184      -1.033       0.198
sy_440.0_1890             0.8159      0.314      2.598      0.009       0.200       1.431
sy_450.0_1850            -0.1466      0.052     -2.844      0.004      -0.248      -0.046
sy_450.0_1860            -0.1020      0.051     -1.993      0.046      -0.202      -0.002
sy_450.0_1870             0.0804      0.050      1.610      0.107      -0.017       0.178
sy_450.0_1890            -0.1960      0.049     -4.009      0.000      -0.292      -0.100
sy_460.0_1890            -0.2924      0.361     -0.810      0.418      -1.000       0.415
sy_470.0_1850            -0.1670      0.089     -1.870      0.061      -0.342       0.008
sy_470.0_1860             0.1489      0.089      1.666      0.096      -0.026       0.324
sy_470.0_1870            -0.0976      0.090     -1.083      0.279      -0.274       0.079
sy_470.0_1890            -0.4475      0.090     -4.980      0.000      -0.624      -0.271
sy_480.0_1850             0.9398      0.129      7.283      0.000       0.687       1.193
sy_480.0_1860             0.2221      0.146      1.523      0.128      -0.064       0.508
sy_480.0_1870             0.4742      0.161      2.954      0.003       0.160       0.789
sy_480.0_1890             0.0122      0.209      0.058      0.954      -0.397       0.421
sy_50.0_1850              0.4887      0.058      8.427      0.000       0.375       0.602
sy_50.0_1860              0.3836      0.061      6.291      0.000       0.264       0.503
sy_50.0_1870              0.1870      0.061      3.088      0.002       0.068       0.306
sy_50.0_1890             -0.2790      0.060     -4.687      0.000      -0.396      -0.162
sy_500.0_1850            -0.6604      0.427     -1.545      0.122      -1.498       0.177
sy_500.0_1860            -0.8468      0.427     -1.981      0.048      -1.685      -0.009
sy_500.0_1870            -0.6276      0.427     -1.468      0.142      -1.465       0.210
sy_500.0_1890             0.1275      0.427      0.298      0.765      -0.710       0.965
sy_510.0_1850            -0.2507      0.158     -1.587      0.112      -0.560       0.059
sy_510.0_1860            -0.2415      0.154     -1.566      0.117      -0.544       0.061
sy_510.0_1870             0.0778      0.159      0.490      0.624      -0.233       0.389
sy_510.0_1890             0.0526      0.155      0.340      0.734      -0.251       0.356
sy_530.0_1890             0.1118      0.311      0.359      0.719      -0.499       0.722
sy_540.0_1870             0.2334      0.193      1.209      0.227      -0.145       0.612
sy_540.0_1890            -0.5693      0.193     -2.951      0.003      -0.947      -0.191
sy_550.0_1850            -0.3504      0.358     -0.978      0.328      -1.053       0.352
sy_550.0_1860            -0.5044      0.375     -1.345      0.178      -1.239       0.230
sy_550.0_1870            -0.6511      0.382     -1.704      0.088      -1.400       0.098
sy_550.0_1890             0.0974      0.392      0.249      0.804      -0.670       0.865
sy_560.0_1890             0.0139      0.480      0.029      0.977      -0.927       0.955
sy_60.0_1850              2.0079      0.240      8.355      0.000       1.537       2.479
sy_60.0_1860              0.3107      0.247      1.256      0.209      -0.174       0.796
sy_60.0_1870             -0.3136      0.254     -1.237      0.216      -0.811       0.183
sy_60.0_1890             -0.1020      0.266     -0.383      0.702      -0.624       0.420
sy_80.0_1890             -0.9868      0.513     -1.924      0.054      -1.992       0.018
sy_90.0_1850             -0.5333      0.310     -1.721      0.085      -1.141       0.074
sy_90.0_1860             -0.5841      0.310     -1.884      0.060      -1.192       0.023
sy_90.0_1870             -0.4641      0.310     -1.497      0.134      -1.072       0.143
sy_90.0_1890              0.2677      0.310      0.864      0.388      -0.340       0.875
=========================================================================================

=== (4) + smooth loc (preferred) ===
=========================================================================================
                            coef    std err          z      P>|z|      [0.025      0.975]
-----------------------------------------------------------------------------------------
const                    20.0885      9.775      2.055      0.040       0.929      39.248
shi                      -0.6889      0.189     -3.651      0.000      -1.059      -0.319
mean_elevation_m          0.0014      0.000      2.860      0.004       0.000       0.002
mean_slope_deg           -0.0355      0.050     -0.708      0.479      -0.134       0.063
mean_annual_temp_c        0.0931      0.088      1.056      0.291      -0.080       0.266
mean_annual_precip_mm    -0.0001      0.000     -0.520      0.603      -0.001       0.000
mean_flow_accum         1.77e-06   1.21e-06      1.462      0.144   -6.02e-07    4.14e-06
river_density            -0.5607      0.892     -0.628      0.530      -2.310       1.188
centroid_lat             -0.6445      0.233     -2.772      0.006      -1.100      -0.189
centroid_lon              0.2144      0.150      1.431      0.152      -0.079       0.508
lat_sq                    0.0109      0.003      3.593      0.000       0.005       0.017
lon_sq                    0.0014      0.001      1.927      0.054   -2.39e-05       0.003
lat_x_lon                 0.0013      0.002      0.825      0.410      -0.002       0.004
sy_10.0_1860              0.1656      0.002     75.530      0.000       0.161       0.170
sy_10.0_1870              0.4837      0.002    208.170      0.000       0.479       0.488
sy_10.0_1890             -0.3931      0.002   -164.227      0.000      -0.398      -0.388
sy_100.0_1850             0.0950      0.242      0.393      0.695      -0.379       0.569
sy_100.0_1860             0.2525      0.242      1.044      0.297      -0.222       0.727
sy_100.0_1870             0.6890      0.242      2.848      0.004       0.215       1.163
sy_100.0_1890             0.5540      0.242      2.290      0.022       0.080       1.028
sy_110.0_1870            -1.4428      0.246     -5.866      0.000      -1.925      -0.961
sy_110.0_1890            -0.6594      0.246     -2.681      0.007      -1.142      -0.177
sy_120.0_1850            -0.1074      0.117     -0.919      0.358      -0.337       0.122
sy_120.0_1860            -0.1134      0.128     -0.884      0.377      -0.365       0.138
sy_120.0_1870             0.2606      0.134      1.946      0.052      -0.002       0.523
sy_120.0_1890            -0.7796      0.154     -5.070      0.000      -1.081      -0.478
sy_130.0_1850             0.0243      0.081      0.301      0.763      -0.134       0.182
sy_130.0_1860             0.1877      0.078      2.401      0.016       0.034       0.341
sy_130.0_1870             0.3787      0.078      4.864      0.000       0.226       0.531
sy_130.0_1890            -0.3108      0.078     -3.980      0.000      -0.464      -0.158
sy_160.0_1890            -0.2754      1.087     -0.253      0.800      -2.406       1.855
sy_170.0_1850             0.0586      0.260      0.225      0.822      -0.452       0.569
sy_170.0_1860            -0.2160      0.261     -0.826      0.409      -0.728       0.296
sy_170.0_1870            -0.5104      0.261     -1.953      0.051      -1.023       0.002
sy_170.0_1890            -0.4303      0.261     -1.646      0.100      -0.943       0.082
sy_180.0_1850            -0.2186      0.234     -0.936      0.349      -0.676       0.239
sy_180.0_1860            -0.3530      0.235     -1.504      0.133      -0.813       0.107
sy_180.0_1870            -0.4762      0.235     -2.024      0.043      -0.937      -0.015
sy_180.0_1890            -0.5632      0.235     -2.394      0.017      -1.024      -0.102
sy_190.0_1850             0.4493      0.346      1.300      0.193      -0.228       1.126
sy_190.0_1860             0.0212      0.365      0.058      0.954      -0.695       0.737
sy_190.0_1870            -0.3639      0.383     -0.950      0.342      -1.114       0.387
sy_190.0_1890            -0.6323      0.386     -1.637      0.102      -1.389       0.125
sy_200.0_1870            -0.2753      0.340     -0.809      0.419      -0.942       0.392
sy_200.0_1890            -0.8532      0.421     -2.025      0.043      -1.679      -0.027
sy_210.0_1850             0.0717      0.149      0.480      0.631      -0.221       0.365
sy_210.0_1860             0.0722      0.149      0.484      0.628      -0.220       0.364
sy_210.0_1870            -0.0697      0.149     -0.468      0.640      -0.362       0.222
sy_210.0_1890            -0.0681      0.148     -0.459      0.646      -0.359       0.223
sy_220.0_1850             0.8447      0.093      9.113      0.000       0.663       1.026
sy_220.0_1860             0.3095      0.092      3.351      0.001       0.128       0.490
sy_220.0_1870             0.2145      0.092      2.340      0.019       0.035       0.394
sy_220.0_1890             0.7589      0.092      8.248      0.000       0.579       0.939
sy_230.0_1850            -1.8556      0.601     -3.089      0.002      -3.033      -0.678
sy_230.0_1860            -1.9465      0.590     -3.297      0.001      -3.104      -0.789
sy_230.0_1870            -1.4791      0.590     -2.505      0.012      -2.636      -0.322
sy_230.0_1890            -1.3279      0.590     -2.249      0.025      -2.485      -0.171
sy_240.0_1850            -0.1109      0.230     -0.482      0.630      -0.562       0.340
sy_240.0_1860             0.1057      0.231      0.458      0.647      -0.347       0.558
sy_240.0_1870             0.6560      0.230      2.850      0.004       0.205       1.107
sy_240.0_1890             0.0829      0.232      0.358      0.721      -0.371       0.537
sy_250.0_1850            -1.4818      0.413     -3.589      0.000      -2.291      -0.673
sy_250.0_1860            -1.4981      0.413     -3.628      0.000      -2.307      -0.689
sy_250.0_1870            -1.5601      0.413     -3.778      0.000      -2.369      -0.751
sy_250.0_1890            -0.0554      0.413     -0.134      0.893      -0.865       0.754
sy_260.0_1850            -0.2137      0.368     -0.581      0.561      -0.934       0.507
sy_260.0_1860            -0.5239      0.401     -1.305      0.192      -1.311       0.263
sy_260.0_1870            -0.5529      0.439     -1.260      0.208      -1.413       0.307
sy_260.0_1890            -0.2069      0.453     -0.457      0.648      -1.094       0.681
sy_270.0_1860            -0.0832      0.522     -0.159      0.873      -1.106       0.940
sy_270.0_1870            -0.6379      0.527     -1.210      0.226      -1.671       0.395
sy_270.0_1890            -0.0847      0.564     -0.150      0.881      -1.190       1.020
sy_280.0_1850             0.2199      0.058      3.771      0.000       0.106       0.334
sy_280.0_1860             0.2609      0.059      4.388      0.000       0.144       0.377
sy_280.0_1870             0.1879      0.060      3.148      0.002       0.071       0.305
sy_280.0_1890            -0.1216      0.062     -1.970      0.049      -0.243      -0.001
sy_290.0_1850             0.2465      0.261      0.946      0.344      -0.264       0.757
sy_290.0_1860             0.1470      0.259      0.567      0.571      -0.361       0.655
sy_290.0_1870            -0.3435      0.257     -1.336      0.182      -0.848       0.161
sy_290.0_1890            -0.4469      0.258     -1.734      0.083      -0.952       0.058
sy_300.0_1890            -1.1834      1.064     -1.112      0.266      -3.268       0.901
sy_310.0_1870            -0.2692      0.432     -0.623      0.533      -1.116       0.577
sy_310.0_1890            -0.8437      0.509     -1.657      0.098      -1.842       0.154
sy_320.0_1870            -2.1486      1.198     -1.793      0.073      -4.497       0.200
sy_320.0_1890             0.0178      1.182      0.015      0.988      -2.299       2.334
sy_330.0_1850            -1.4546      0.482     -3.018      0.003      -2.399      -0.510
sy_330.0_1860            -1.8085      0.482     -3.752      0.000      -2.753      -0.864
sy_330.0_1870            -1.3217      0.482     -2.742      0.006      -2.266      -0.377
sy_330.0_1890            -1.0435      0.482     -2.165      0.030      -1.988      -0.099
sy_340.0_1850            -0.7026      0.289     -2.430      0.015      -1.269      -0.136
sy_340.0_1860            -0.8951      0.291     -3.075      0.002      -1.466      -0.325
sy_340.0_1870            -0.7798      0.291     -2.679      0.007      -1.350      -0.209
sy_340.0_1890            -0.3437      0.291     -1.181      0.238      -0.914       0.227
sy_360.0_1850            -1.4985      0.391     -3.828      0.000      -2.266      -0.731
sy_360.0_1860            -1.5341      0.391     -3.922      0.000      -2.301      -0.767
sy_360.0_1870            -1.3416      0.391     -3.430      0.001      -2.108      -0.575
sy_360.0_1890            -0.7203      0.391     -1.841      0.066      -1.487       0.046
sy_370.0_1850            -0.0853      0.146     -0.585      0.559      -0.371       0.201
sy_370.0_1860            -0.0355      0.145     -0.244      0.807      -0.320       0.249
sy_370.0_1870             0.2323      0.145      1.606      0.108      -0.051       0.516
sy_370.0_1890            -0.2260      0.144     -1.569      0.117      -0.508       0.056
sy_380.0_1890            -0.5274      0.751     -0.702      0.483      -1.999       0.944
sy_390.0_1850            -0.7749      0.250     -3.094      0.002      -1.266      -0.284
sy_390.0_1860            -0.5037      0.251     -2.008      0.045      -0.995      -0.012
sy_390.0_1870            -0.8394      0.251     -3.347      0.001      -1.331      -0.348
sy_390.0_1890            -0.8129      0.251     -3.241      0.001      -1.305      -0.321
sy_410.0_1860            -1.3512      1.192     -1.133      0.257      -3.688       0.985
sy_410.0_1870            -0.7919      1.190     -0.666      0.506      -3.124       1.540
sy_410.0_1890            -1.5664      1.203     -1.302      0.193      -3.924       0.791
sy_420.0_1850            -1.0841      0.285     -3.804      0.000      -1.643      -0.526
sy_420.0_1860            -1.1145      0.285     -3.907      0.000      -1.674      -0.555
sy_420.0_1870            -1.1001      0.286     -3.852      0.000      -1.660      -0.540
sy_420.0_1890            -0.8782      0.286     -3.069      0.002      -1.439      -0.317
sy_440.0_1850            -0.8992      0.387     -2.323      0.020      -1.658      -0.141
sy_440.0_1860            -1.4718      0.387     -3.803      0.000      -2.230      -0.713
sy_440.0_1870            -1.0852      0.387     -2.804      0.005      -1.844      -0.327
sy_440.0_1890             0.1480      0.387      0.382      0.702      -0.611       0.907
sy_450.0_1850            -0.1594      0.101     -1.571      0.116      -0.358       0.039
sy_450.0_1860            -0.1162      0.102     -1.138      0.255      -0.316       0.084
sy_450.0_1870             0.0670      0.101      0.664      0.506      -0.131       0.265
sy_450.0_1890            -0.2145      0.102     -2.108      0.035      -0.414      -0.015
sy_460.0_1890            -0.6045      0.601     -1.005      0.315      -1.783       0.574
sy_470.0_1850            -0.0215      0.090     -0.239      0.811      -0.198       0.155
sy_470.0_1860             0.2941      0.091      3.246      0.001       0.117       0.472
sy_470.0_1870             0.0481      0.092      0.525      0.600      -0.132       0.228
sy_470.0_1890            -0.3027      0.092     -3.288      0.001      -0.483      -0.122
sy_480.0_1850             0.7307      0.184      3.980      0.000       0.371       1.091
sy_480.0_1860            -0.0054      0.196     -0.028      0.978      -0.390       0.379
sy_480.0_1870             0.2314      0.210      1.101      0.271      -0.181       0.643
sy_480.0_1890            -0.2197      0.270     -0.814      0.416      -0.749       0.309
sy_50.0_1850              0.6503      0.151      4.304      0.000       0.354       0.946
sy_50.0_1860              0.5516      0.153      3.615      0.000       0.253       0.851
sy_50.0_1870              0.3548      0.153      2.323      0.020       0.055       0.654
sy_50.0_1890             -0.1115      0.152     -0.734      0.463      -0.409       0.186
sy_500.0_1850            -1.5983      0.510     -3.137      0.002      -2.597      -0.600
sy_500.0_1860            -1.7847      0.510     -3.503      0.000      -2.783      -0.786
sy_500.0_1870            -1.5655      0.510     -3.073      0.002      -2.564      -0.567
sy_500.0_1890            -0.8104      0.510     -1.591      0.112      -1.809       0.188
sy_510.0_1850            -0.3050      0.188     -1.625      0.104      -0.673       0.063
sy_510.0_1860            -0.2915      0.187     -1.555      0.120      -0.659       0.076
sy_510.0_1870             0.0274      0.188      0.146      0.884      -0.341       0.396
sy_510.0_1890             0.0048      0.187      0.025      0.980      -0.363       0.372
sy_530.0_1890            -1.7346      1.254     -1.383      0.167      -4.193       0.723
sy_540.0_1870             0.1979      0.206      0.960      0.337      -0.206       0.602
sy_540.0_1890            -0.6040      0.206     -2.933      0.003      -1.008      -0.200
sy_550.0_1850            -0.4678      0.407     -1.148      0.251      -1.266       0.331
sy_550.0_1860            -0.6981      0.441     -1.583      0.114      -1.563       0.166
sy_550.0_1870            -0.8758      0.455     -1.925      0.054      -1.768       0.016
sy_550.0_1890            -0.1739      0.472     -0.368      0.713      -1.099       0.751
sy_560.0_1890            -0.5841      0.900     -0.649      0.516      -2.347       1.179
sy_60.0_1850              1.1213      1.114      1.007      0.314      -1.061       3.304
sy_60.0_1860             -0.6563      1.130     -0.581      0.562      -2.872       1.559
sy_60.0_1870             -1.2840      1.136     -1.130      0.258      -3.511       0.943
sy_60.0_1890             -1.0665      1.135     -0.939      0.348      -3.292       1.159
sy_80.0_1890             -1.2887      0.794     -1.623      0.105      -2.845       0.267
sy_90.0_1850             -1.1337      0.365     -3.102      0.002      -1.850      -0.417
sy_90.0_1860             -1.1845      0.365     -3.241      0.001      -1.901      -0.468
sy_90.0_1870             -1.0645      0.365     -2.913      0.004      -1.781      -0.348
sy_90.0_1890             -0.3327      0.365     -0.910      0.363      -1.049       0.384
=========================================================================================

